0;;
1;;
2;;
3;;
4;;
5;;
6;;
7;;
8;;
9;;
10;;
11;;
12;[ 0.99791515 -0.00307447  0.06446633  0.13688974] [ 0.00462629  0.99970278 -0.02393638 -0.02421574] [-0.06437358  0.02418471  0.99763277  1.30670097] [0. 0. 0. 1.];[ 0.99791515 -0.00307447  0.06446633  0.13688974] [ 0.00462629  0.99970278 -0.02393638 -0.02421574] [-0.06437358  0.02418471  0.99763277  1.30670097] [0. 0. 0. 1.]
13;[ 0.99791515 -0.00307447  0.06446633  0.13688974] [ 0.00462629  0.99970278 -0.02393638 -0.02421574] [-0.06437358  0.02418471  0.99763277  1.30670097] [0. 0. 0. 1.];[0.99577714 0.00272639 0.09176305 0.23208479] [ 2.97698857e-05  9.99549272e-01 -3.00208563e-02 -3.43817218e-02] [-0.09180354  0.02989681  0.99532823  1.986346  ] [0. 0. 0. 1.]
14;[0.99575419 0.00314351 0.09199839 0.2235875 ] [-3.70758684e-04  9.99545595e-01 -3.01407651e-02 -3.05162701e-02] [-0.09205133  0.02997868  0.99530288  1.98761915] [0. 0. 0. 1.];[0.9931925  0.00863071 0.11616436 0.33651511] [-0.00529183  0.99956481 -0.02902043 -0.03933982] [-0.11636428  0.02820815  0.99280595  2.65440626] [0. 0. 0. 1.]
15;[0.99320072 0.00863105 0.11609405 0.33031823] [-0.00538067  0.9995855  -0.02828207 -0.04980655] [-0.11629004  0.02746511  0.99283548  2.64533925] [0. 0. 0. 1.];[0.99028804 0.0128995  0.13843119 0.44202481] [-0.00984168  0.99969272 -0.02275097 -0.05867029] [-0.13868213  0.02116762  0.9901107   3.37401295] [0. 0. 0. 1.]
16;[0.99026765 0.0126595  0.13859911 0.42638177] [-0.00972607  0.99971457 -0.02182174 -0.07480938] [-0.1388358   0.02026134  0.99010813  3.37228397] [0. 0. 0. 1.];[0.98745776 0.01054334 0.157531   0.60080528] [-0.00812326  0.99983902 -0.01599854 -0.09376565] [-0.15767432  0.01451822  0.98738444  4.06828243] [0. 0. 0. 1.]
17;[0.99026765 0.0126595  0.13859911 0.42638177] [-0.00972607  0.99971457 -0.02182174 -0.07480938] [-0.1388358   0.02026134  0.99010813  3.37228397] [0. 0. 0. 1.];[0.98452928 0.00918345 0.17497931 0.73144979] [-0.00710791  0.9998968  -0.01248465 -0.12314362] [-0.1750759   0.01104777  0.98449295  4.79830534] [0. 0. 0. 1.]
18;[0.9844418  0.00928957 0.17546522 0.70130357] [-0.00723869  0.99989785 -0.01232469 -0.12405678] [-0.17556178  0.0108628   0.98440848  4.81498431] [0. 0. 0. 1.];[0.98201287 0.00827798 0.18863243 0.91270069] [-0.00619434  0.99991315 -0.01163286 -0.14263624] [-0.18871234  0.01025517  0.98197886  5.51024544] [0. 0. 0. 1.]
19;[0.9844418  0.00928957 0.17546522 0.70130357] [-0.00723869  0.99989785 -0.01232469 -0.12405678] [-0.17556178  0.0108628   0.98440848  4.81498431] [0. 0. 0. 1.];[0.97990437 0.00921141 0.19925506 1.08103778] [-0.00742155  0.99992514 -0.00972778 -0.18764259] [-0.19932975  0.00805351  0.97989938  6.18927335] [0. 0. 0. 1.]
20;[0.97990437 0.00921141 0.19925506 1.08103778] [-0.00742155  0.99992514 -0.00972778 -0.18764259] [-0.19932975  0.00805351  0.97989938  6.18927335] [0. 0. 0. 1.];[0.97805201 0.01071674 0.20808514 1.20936161] [-0.00887673  0.99991283 -0.0097744  -0.17746674] [-0.20817175  0.00771275  0.97806188  7.00543138] [0. 0. 0. 1.]
21;[0.97980913 0.01014057 0.19967782 1.05723157] [-0.00821903  0.99991162 -0.01044979 -0.17749512] [-0.19976614  0.00859764  0.97980588  6.202222  ] [0. 0. 0. 1.];[0.97716228 0.01051463 0.21223412 1.41064899] [-0.00889794  0.99992368 -0.00857116 -0.19766648] [-2.12308041e-01  6.48696974e-03  9.77181260e-01  7.79513378e+00] [0. 0. 0. 1.]
22;[0.97709634 0.01160774 0.21248059 1.39164333] [-0.00984794  0.9999079  -0.00933865 -0.18344159] [-2.12569425e-01  7.03226055e-03  9.77120661e-01  7.78733562e+00] [0. 0. 0. 1.];[0.97666332 0.0093616  0.21457195 1.60394665] [-0.0077743   0.99993583 -0.00824027 -0.21052755] [-2.14635321e-01  6.37982111e-03  9.76673424e-01  8.60430150e+00] [0. 0. 0. 1.]
23;[0.97709634 0.01160774 0.21248059 1.39164333] [-0.00984794  0.9999079  -0.00933865 -0.18344159] [-2.12569425e-01  7.03226055e-03  9.77120661e-01  7.78733562e+00] [0. 0. 0. 1.];[0.976332   0.00838626 0.21611455 1.76228524] [-0.00637756  0.99992976 -0.00999036 -0.21640329] [-2.16183149e-01  8.37562255e-03  9.76316903e-01  9.38570271e+00] [0. 0. 0. 1.]
24;[0.97625258 0.00841525 0.21647188 1.74532513] [-0.00635325  0.9999276  -0.01021962 -0.20817879] [-2.16542210e-01  8.60162775e-03  9.76235363e-01  9.34537413e+00] [0. 0. 0. 1.];[0.97655375 0.00748322 0.21514363 1.97767806] [-0.00496137  0.99991254 -0.01225933 -0.24252913] [-0.21521655  0.01090449  0.97650547 10.15626343] [0. 0. 0. 1.]
25;[0.97625258 0.00841525 0.21647188 1.74532513] [-0.00635325  0.9999276  -0.01021962 -0.20817879] [-2.16542210e-01  8.60162775e-03  9.76235363e-01  9.34537413e+00] [0. 0. 0. 1.];[0.97682663 0.00733522 0.21390637 2.14219646] [-0.0042143   0.99987797 -0.01504245 -0.2429546 ] [-0.21399061  0.0137924   0.97673834 10.94876039] [0. 0. 0. 1.]
26;[0.97679274 0.00678721 0.21407916 2.13752622] [-0.00369515  0.99988305 -0.01484039 -0.24525446] [-0.21415484  0.01370493  0.97670358 10.9174568 ] [0. 0. 0. 1.];[0.97739104 0.00717968 0.21131778 2.37321905] [-0.00415728  0.99988267 -0.01474344 -0.25377678] [-0.21139884  0.0135316   0.97730621 11.83066016] [0. 0. 0. 1.]
27;[0.97679274 0.00678721 0.21407916 2.13752622] [-0.00369515  0.99988305 -0.01484039 -0.24525446] [-0.21415484  0.01370493  0.97670358 10.9174568 ] [0. 0. 0. 1.];[0.97751368 0.0061579  0.21078207 2.51172489] [-0.0040024   0.99993526 -0.01065128 -0.28026615] [-2.10834015e-01  9.56813333e-03  9.77475048e-01  1.26041367e+01] [0. 0. 0. 1.]
28;[0.97747723 0.00590074 0.2109584  2.50266137] [-0.00373649  0.99993624 -0.01065626 -0.27387229] [-2.11007825e-01  9.62800470e-03  9.77436954e-01  1.25623473e+01] [0. 0. 0. 1.];[0.9779729  0.00685193 0.20861942 2.71065441] [-0.00543218  0.99995803 -0.00737763 -0.27087666] [-2.08661217e-01  6.08185946e-03  9.77969073e-01  1.34390604e+01] [0. 0. 0. 1.]
29;[0.97747723 0.00590074 0.2109584  2.50266137] [-0.00373649  0.99993624 -0.01065626 -0.27387229] [-2.11007825e-01  9.62800470e-03  9.77436954e-01  1.25623473e+01] [0. 0. 0. 1.];[0.97853764 0.00442334 0.20602066 2.91191599] [-0.00389482  0.999988   -0.00297086 -0.29590996] [-2.06031330e-01  2.10468778e-03  9.78543132e-01  1.43023446e+01] [0. 0. 0. 1.]
30;[0.97844742 0.00393194 0.2064587  2.89471404] [-0.00347778  0.99999067 -0.00256264 -0.29832166] [-2.06466848e-01  1.78938840e-03  9.78451960e-01  1.42260399e+01] [0. 0. 0. 1.];[0.9793756  0.00562812 0.20196972 3.11590196] [-0.00521957  0.99998311 -0.0025554  -0.29881414] [-2.01980688e-01  1.44849859e-03  9.79388433e-01  1.51990733e+01] [0. 0. 0. 1.]
31;[0.97844742 0.00393194 0.2064587  2.89471404] [-0.00347778  0.99999067 -0.00256264 -0.29832166] [-2.06466848e-01  1.78938840e-03  9.78451960e-01  1.42260399e+01] [0. 0. 0. 1.];[0.98002545 0.00802048 0.19871034 3.26677649] [-0.00782932  0.99996782 -0.00174773 -0.32117356] [-1.98717961e-01  1.57057683e-04  9.80056706e-01  1.59684298e+01] [0. 0. 0. 1.]
32;[0.98002545 0.00802048 0.19871034 3.26677649] [-0.00782932  0.99996782 -0.00174773 -0.32117356] [-1.98717961e-01  1.57057683e-04  9.80056706e-01  1.59684298e+01] [0. 0. 0. 1.];[0.98095923 0.00939606 0.19398636 3.44043872] [-0.00896586  0.99995501 -0.00309555 -0.33768847] [-1.94006719e-01  1.29735730e-03  9.80999343e-01  1.68586488e+01] [0. 0. 0. 1.]
33;[0.97985475 0.00786368 0.19955658 3.23074335] [-0.00769839  0.99996908 -0.00160426 -0.32360358] [-1.99563025e-01  3.56747517e-05  9.79884992e-01  1.59248775e+01] [0. 0. 0. 1.];[0.98176683 0.01248204 0.18967891 3.5634851 ] [-0.0113248   0.99991007 -0.00718373 -0.27920068] [-1.89751516e-01  4.90466777e-03  9.81819895e-01  1.76469910e+01] [0. 0. 0. 1.]
34;[0.98176683 0.01248204 0.18967891 3.5634851 ] [-0.0113248   0.99991007 -0.00718373 -0.27920068] [-1.89751516e-01  4.90466777e-03  9.81819895e-01  1.76469910e+01] [0. 0. 0. 1.];[0.9828256  0.00844538 0.18434348 3.72212716] [-0.00723357  0.99994759 -0.00724518 -0.34245623] [-1.84395005e-01  5.78729120e-03  9.82835179e-01  1.85409048e+01] [0. 0. 0. 1.]
35;[0.98168024 0.01134992 0.19019749 3.54260825] [-0.01038239  0.9999276  -0.0060827  -0.30899451] [-1.90252756e-01  3.99656565e-03  9.81727007e-01  1.75608834e+01] [0. 0. 0. 1.];[0.9840948  0.00711666 0.17750149 3.87919664] [-0.00601419  0.99995914 -0.00674833 -0.33960986] [-1.77542264e-01  5.57346406e-03  9.84097394e-01  1.93793847e+01] [0. 0. 0. 1.]
36;[0.98403107 0.0076346  0.17783295 3.86965609] [-0.00653269  0.99995567 -0.00678105 -0.34373518] [-1.77876840e-01  5.51103523e-03  9.84037326e-01  1.92920150e+01] [0. 0. 0. 1.];[0.98527957 0.0058227  0.17085157 4.03417523] [-0.00487541  0.99997033 -0.00596352 -0.3602246 ] [-1.70881227e-01  5.04276624e-03  9.85278730e-01  2.01944415e+01] [0. 0. 0. 1.]
37;[0.98403107 0.0076346  0.17783295 3.86965609] [-0.00653269  0.99995567 -0.00678105 -0.34373518] [-1.77876840e-01  5.51103523e-03  9.84037326e-01  1.92920150e+01] [0. 0. 0. 1.];[9.86316289e-01 2.51866100e-03 1.64844881e-01 4.18181021e+00] [-0.00193079  0.99999119 -0.00372637 -0.37984132] [-1.64852814e-01  3.35709714e-03  9.86312465e-01  2.10697535e+01] [0. 0. 0. 1.]
38;[9.86316289e-01 2.51866100e-03 1.64844881e-01 4.18181021e+00] [-0.00193079  0.99999119 -0.00372637 -0.37984132] [-1.64852814e-01  3.35709714e-03  9.86312465e-01  2.10697535e+01] [0. 0. 0. 1.];[ 9.87185024e-01 -1.07231528e-03  1.59576245e-01  4.35246439e+00] [ 0.0016533   0.99999248 -0.00350808 -0.40503085] [-1.59571283e-01  3.72694679e-03  9.87179374e-01  2.19551864e+01] [0. 0. 0. 1.]
39;[9.86337755e-01 2.49731848e-03 1.64716715e-01 4.17551141e+00] [-0.00195002  0.99999203 -0.0034843  -0.38114165] [-1.64724104e-01  3.11549456e-03  9.86334762e-01  2.10260578e+01] [0. 0. 0. 1.];[ 9.87632912e-01 -2.47431102e-03  1.56764500e-01  4.49038358e+00] [ 0.00340454  0.99997815 -0.00566571 -0.41100988] [-1.56747057e-01  6.12934879e-03  9.87619760e-01  2.28015022e+01] [0. 0. 0. 1.]
40;[ 9.87728556e-01 -3.12735741e-03  1.56149027e-01  4.50292740e+00] [ 0.0039741   0.99997904 -0.00511075 -0.42501234] [-1.56129771e-01  5.66858647e-03  9.87720285e-01  2.27622433e+01] [0. 0. 0. 1.];[ 9.88064807e-01 -1.14222772e-04  1.54038708e-01  4.64708012e+00] [ 0.0015003   0.99995943 -0.00888205 -0.43214806] [-1.54031444e-01  9.00714864e-03  9.88024891e-01  2.36598157e+01] [0. 0. 0. 1.]
41;[ 9.87728556e-01 -3.12735741e-03  1.56149027e-01  4.50292740e+00] [ 0.0039741   0.99997904 -0.00511075 -0.42501234] [-1.56129771e-01  5.66858647e-03  9.87720285e-01  2.27622433e+01] [0. 0. 0. 1.];[9.88370811e-01 1.23075476e-03 1.52057965e-01 4.81200060e+00] [ 2.77663617e-04  9.99950971e-01 -9.89838992e-03 -4.50643881e-01] [-1.52062692e-01  9.82550064e-03  9.88322011e-01  2.45352623e+01] [0. 0. 0. 1.]
42;[9.88314186e-01 1.08722369e-03 1.52426667e-01 4.79261354e+00] [ 4.25582048e-04  9.99950984e-01 -9.89183326e-03 -4.47424702e-01] [-1.52429950e-01  9.84110918e-03  9.88265280e-01  2.45093459e+01] [0. 0. 0. 1.];[ 9.88450989e-01 -2.21404709e-03  1.51524721e-01  4.95528475e+00] [ 0.0035987   0.99995423 -0.00886453 -0.47230358] [-1.51498160e-01  9.30744454e-03  9.88413719e-01  2.54518901e+01] [0. 0. 0. 1.]
43;[9.88314186e-01 1.08722369e-03 1.52426667e-01 4.79261354e+00] [ 4.25582048e-04  9.99950984e-01 -9.89183326e-03 -4.47424702e-01] [-1.52429950e-01  9.84110918e-03  9.88265280e-01  2.45093459e+01] [0. 0. 0. 1.];[9.88517989e-01 1.42266678e-04 1.51103158e-01 5.10920472e+00] [ 0.00136553  0.99995031 -0.00987478 -0.47178186] [-1.51097055e-01  9.96773427e-03  9.88468676e-01  2.63265010e+01] [0. 0. 0. 1.]
44;[9.88517989e-01 1.42266678e-04 1.51103158e-01 5.10920472e+00] [ 0.00136553  0.99995031 -0.00987478 -0.47178186] [-1.51097055e-01  9.96773427e-03  9.88468676e-01  2.63265010e+01] [0. 0. 0. 1.];[9.88276687e-01 1.72648515e-03 1.52663712e-01 5.25817174e+00] [ 3.09361479e-04  9.99911360e-01 -1.33107392e-02 -4.96590293e-01] [-1.52673161e-01  1.32019215e-02  9.88188553e-01  2.72086014e+01] [0. 0. 0. 1.]
45;[ 9.88437045e-01 -1.08900247e-03  1.51627905e-01  5.08052421e+00] [ 0.0025406   0.99995278 -0.00938003 -0.47506862] [-1.51610531e-01  9.65679458e-03  9.88393137e-01  2.62941543e+01] [0. 0. 0. 1.];[9.88222962e-01 2.57114844e-03 1.52999235e-01 5.37986281e+00] [-1.39712538e-04  9.99873570e-01 -1.59004470e-02 -5.26265125e-01] [-1.53020774e-01  1.56918109e-02  9.88098381e-01  2.80954748e+01] [0. 0. 0. 1.]
46;[9.88090352e-01 2.83488644e-03 1.53848694e-01 5.34918415e+00] [-2.68665140e-04  9.99860536e-01 -1.66983910e-02 -5.06909875e-01] [-1.53874576e-01  1.64581853e-02  9.87953310e-01  2.80484196e+01] [0. 0. 0. 1.];[9.88144021e-01 1.85254563e-03 1.53518604e-01 5.54002019e+00] [ 4.53251606e-04  9.99887641e-01 -1.49833003e-02 -5.41044279e-01] [-1.53529112e-01  1.48752411e-02  9.88032155e-01  2.90246197e+01] [0. 0. 0. 1.]
47;[9.88090352e-01 2.83488644e-03 1.53848694e-01 5.34918415e+00] [-2.68665140e-04  9.99860536e-01 -1.66983910e-02 -5.06909875e-01] [-1.53874576e-01  1.64581853e-02  9.87953310e-01  2.80484196e+01] [0. 0. 0. 1.];[ 9.87786444e-01 -8.60832875e-04  1.55811427e-01  5.65444105e+00] [ 0.00214047  0.99996535 -0.00804515 -0.54673422] [-1.55799102e-01  8.28040061e-03  9.87754056e-01  2.98684391e+01] [0. 0. 0. 1.]
48;[ 9.87786444e-01 -8.60832875e-04  1.55811427e-01  5.65444105e+00] [ 0.00214047  0.99996535 -0.00804515 -0.54673422] [-1.55799102e-01  8.28040061e-03  9.87754056e-01  2.98684391e+01] [0. 0. 0. 1.];[ 9.87662328e-01 -1.15712831e-03  1.56594340e-01  5.80323237e+00] [ 0.00148929  0.99999688 -0.00200385 -0.55079729] [-1.56591533e-01  2.21233883e-03  9.87660973e-01  3.08133491e+01] [0. 0. 0. 1.]
49;[ 9.87716620e-01 -7.96123586e-04  1.56253783e-01  5.64488620e+00] [ 0.00205792  0.99996657 -0.00791373 -0.54611224] [-1.56242259e-01  8.13807677e-03  9.87685237e-01  2.98016863e+01] [0. 0. 0. 1.];[ 9.87607223e-01 -1.25741119e-03  1.56940730e-01  5.98487891e+00] [ 1.28845680e-03  9.99999165e-01 -9.60815239e-05 -5.78293080e-01] [-1.56940478e-01  2.97102158e-04  9.87608018e-01  3.16646068e+01] [0. 0. 0. 1.]
50;[ 9.87607223e-01 -1.25741119e-03  1.56940730e-01  5.98487891e+00] [ 1.28845680e-03  9.99999165e-01 -9.60815239e-05 -5.78293080e-01] [-1.56940478e-01  2.97102158e-04  9.87608018e-01  3.16646068e+01] [0. 0. 0. 1.];[ 9.87620891e-01 -7.70305362e-04  1.56857841e-01  6.16087378e+00] [ 0.0015265   0.99998779 -0.00470051 -0.55956962] [-1.56852305e-01  4.88176639e-03  9.87610005e-01  3.25542152e+01] [0. 0. 0. 1.]
51;[ 9.87491031e-01 -7.74554645e-04  1.57673280e-01  5.95457094e+00] [ 7.89467547e-04  9.99999688e-01 -3.19503669e-05 -5.82282220e-01] [-1.57673206e-01  1.56028639e-04  9.87491334e-01  3.16284638e+01] [0. 0. 0. 1.];[ 9.87362589e-01 -5.88493646e-05  1.58477489e-01  6.27368761e+00] [ 0.00127783  0.99997038 -0.00758993 -0.58709739] [-1.58472349e-01  7.69652219e-03  9.87333418e-01  3.34611216e+01] [0. 0. 0. 1.]
52;[ 9.87362589e-01 -5.88493646e-05  1.58477489e-01  6.27368761e+00] [ 0.00127783  0.99997038 -0.00758993 -0.58709739] [-1.58472349e-01  7.69652219e-03  9.87333418e-01  3.34611216e+01] [0. 0. 0. 1.];[ 9.87361112e-01 -1.40395178e-03  1.58480484e-01  6.44100287e+00] [ 0.00306983  0.99994258 -0.01026724 -0.61609959] [-1.58456969e-01  1.06239787e-02  9.87308726e-01  3.43899221e+01] [0. 0. 0. 1.]
53;[9.87302008e-01 6.83677324e-04 1.58853005e-01 6.25398408e+00] [ 5.36783680e-04  9.99970671e-01 -7.63992393e-03 -5.90682350e-01] [-1.58853570e-01  7.62818194e-03  9.87272685e-01  3.34195572e+01] [0. 0. 0. 1.];[ 9.87382158e-01 -1.43740835e-03  1.58349005e-01  6.58872185e+00] [ 0.00338062  0.99992225 -0.01200302 -0.64302115] [-1.58319440e-01  1.23868866e-02  9.87310245e-01  3.52743595e+01] [0. 0. 0. 1.]
54;[ 9.87382158e-01 -1.43740835e-03  1.58349005e-01  6.58872185e+00] [ 0.00338062  0.99992225 -0.01200302 -0.64302115] [-1.58319440e-01  1.23868866e-02  9.87310245e-01  3.52743595e+01] [0. 0. 0. 1.];[ 9.87509403e-01 -1.73976755e-03  1.57550475e-01  6.74372926e+00] [ 0.00378861  0.99991211 -0.01270497 -0.64370002] [-1.57514525e-01  1.31431787e-02  9.87429203e-01  3.62161160e+01] [0. 0. 0. 1.]
55;[ 9.87336537e-01 -1.71459265e-03  1.58630458e-01  6.57746932e+00] [ 0.00370632  0.99991796 -0.01226078 -0.63346449] [-1.58596423e-01  1.26934488e-02  9.87261896e-01  3.52380906e+01] [0. 0. 0. 1.];[ 9.87657923e-01 -4.58905994e-03  1.56559148e-01  6.91162442e+00] [ 0.00667911  0.99989543 -0.01282641 -0.67203301] [-1.56483915e-01  1.37137768e-02  9.87585296e-01  3.71412968e+01] [0. 0. 0. 1.]
56;[ 9.87657923e-01 -4.58905994e-03  1.56559148e-01  6.91162442e+00] [ 0.00667911  0.99989543 -0.01282641 -0.67203301] [-1.56483915e-01  1.37137768e-02  9.87585296e-01  3.71412968e+01] [0. 0. 0. 1.];[ 0.98793656 -0.00797037  0.15465392  7.08236028] [ 0.01001162  0.99987269 -0.0124245  -0.68557151] [-1.54535205e-01  1.38229531e-02  9.87890579e-01  3.81548630e+01] [0. 0. 0. 1.]
57;[ 9.87605030e-01 -4.57042865e-03  1.56893008e-01  6.89834655e+00] [ 0.00663501  0.99989812 -0.01263794 -0.67358139] [-1.56819264e-01  1.35222785e-02  9.87534742e-01  3.71061255e+01] [0. 0. 0. 1.];[ 0.98785833 -0.00918306  0.15508575  7.21001442] [ 0.01139323  0.99984573 -0.01336844 -0.66926951] [-1.54939065e-01  1.49730516e-02  9.87810556e-01  3.90604377e+01] [0. 0. 0. 1.]
58;[ 0.98787027 -0.00913634  0.15501242  7.20343831] [ 0.01131029  0.99984959 -0.01314818 -0.6807564 ] [-1.54868982e-01  1.47419349e-02  9.87825022e-01  3.90562711e+01] [0. 0. 0. 1.];[ 0.9882391  -0.01168861  0.15246922  7.38755771] [ 0.0135031   0.99984974 -0.01087067 -0.68292207] [-1.52319242e-01  1.28016319e-02  9.88248434e-01  3.99312669e+01] [0. 0. 0. 1.]
59;[ 0.98787027 -0.00913634  0.15501242  7.20343831] [ 0.01131029  0.99984959 -0.01314818 -0.6807564 ] [-1.54868982e-01  1.47419349e-02  9.87825022e-01  3.90562711e+01] [0. 0. 0. 1.];[ 0.98875528 -0.01113612  0.14912738  7.58869354] [ 0.01225888  0.999903   -0.00661169 -0.71625228] [-1.49039290e-01  8.36548256e-03  9.88795888e-01  4.09826377e+01] [0. 0. 0. 1.]
60;[ 0.98875528 -0.01113612  0.14912738  7.58869354] [ 0.01225888  0.999903   -0.00661169 -0.71625228] [-1.49039290e-01  8.36548256e-03  9.88795888e-01  4.09826377e+01] [0. 0. 0. 1.];[ 0.98906877 -0.01205457  0.14696142  7.76142189] [ 0.01237658  0.99992259 -0.00127693 -0.72629512] [-1.46934654e-01  3.08185206e-03  9.89141400e-01  4.19629789e+01] [0. 0. 0. 1.]
61;[ 0.9885666  -0.01089539  0.15039071  7.53546313] [ 0.01196559  0.99990911 -0.00621298 -0.72539552] [-1.50309351e-01  7.94145653e-03  9.88607117e-01  4.09632586e+01] [0. 0. 0. 1.];[ 0.98900416 -0.01381389  0.14724111  7.85765789] [ 0.01311728  0.99989771  0.00570105 -0.76108766] [-1.47304799e-01 -3.70696352e-03  9.89084200e-01  4.29236684e+01] [0. 0. 0. 1.]
62;[ 0.98900416 -0.01381389  0.14724111  7.85765789] [ 0.01311728  0.99989771  0.00570105 -0.76108766] [-1.47304799e-01 -3.70696352e-03  9.89084200e-01  4.29236684e+01] [0. 0. 0. 1.];[ 0.98920106 -0.00904026  0.14628583  7.99266973] [ 0.00833244  0.99995043  0.00545061 -0.77594215] [-1.46327858e-01 -4.17283005e-03  9.89227348e-01  4.39458948e+01] [0. 0. 0. 1.]
63;[ 0.98893334 -0.01363214  0.14773294  7.84496142] [ 0.01287524  0.99989863  0.00607855 -0.77047806] [-1.47800833e-01 -4.10918552e-03  9.89008609e-01  4.29321811e+01] [0. 0. 0. 1.];[ 9.89418594e-01 -4.81945650e-03  1.45009032e-01  8.12490678e+00] [ 0.00542315  0.9999782  -0.00376815 -0.76967254] [-1.44987709e-01  4.51468111e-03  9.89423156e-01  4.48651977e+01] [0. 0. 0. 1.]
64;[ 9.89382648e-01 -4.58081408e-03  1.45261802e-01  8.11509554e+00] [ 0.00515938  0.99998019 -0.0036064  -0.77644638] [-1.45242404e-01  4.31757442e-03  9.89386680e-01  4.48855141e+01] [0. 0. 0. 1.];[ 9.89968881e-01 -5.97184402e-03  1.41159313e-01  8.32898454e+00] [ 0.0082705   0.99984249 -0.01570305 -0.76376587] [-1.41043304e-01  1.67129882e-02  9.89862345e-01  4.58429435e+01] [0. 0. 0. 1.]
65;[ 9.89382648e-01 -4.58081408e-03  1.45261802e-01  8.11509554e+00] [ 0.00515938  0.99998019 -0.0036064  -0.77644638] [-1.45242404e-01  4.31757442e-03  9.89386680e-01  4.48855141e+01] [0. 0. 0. 1.];[ 9.89889470e-01 -7.08740159e-03  1.41663708e-01  8.41355327e+00] [ 0.00975639  0.99978759 -0.01815462 -0.79718749] [-1.41504948e-01  1.93531888e-02  9.89748354e-01  4.68349414e+01] [0. 0. 0. 1.]
66;[ 9.89889470e-01 -7.08740159e-03  1.41663708e-01  8.41355327e+00] [ 0.00975639  0.99978759 -0.01815462 -0.79718749] [-1.41504948e-01  1.93531888e-02  9.89748354e-01  4.68349414e+01] [0. 0. 0. 1.];[ 0.98986697 -0.01195684  0.1414935   8.49553559] [ 0.01357619  0.99985287 -0.01048484 -0.8547485 ] [-1.41347314e-01  1.22995376e-02  9.89883659e-01  4.77597469e+01] [0. 0. 0. 1.]
67;[ 9.89846629e-01 -3.96205118e-03  1.42084314e-01  8.40432213e+00] [ 0.00647631  0.99983045 -0.01723745 -0.80896084] [-1.41991928e-01  1.79826164e-02  9.89704460e-01  4.68080863e+01] [0. 0. 0. 1.];[ 9.90044807e-01 -2.63670991e-03  1.40727851e-01  8.61788433e+00] [ 0.00347273  0.99997775 -0.00569544 -0.82731965] [-1.40709703e-01  6.12745291e-03  9.90031936e-01  4.87165743e+01] [0. 0. 0. 1.]
68;[ 9.90044807e-01 -2.63670991e-03  1.40727851e-01  8.61788433e+00] [ 0.00347273  0.99997775 -0.00569544 -0.82731965] [-1.40709703e-01  6.12745291e-03  9.90031936e-01  4.87165743e+01] [0. 0. 0. 1.];[ 9.90484107e-01 -4.78102292e-03  1.37544084e-01  8.84075237e+00] [ 0.00577801  0.99995984 -0.00685017 -0.84997409] [-1.37505810e-01  7.57971751e-03  9.90471958e-01  4.98006517e+01] [0. 0. 0. 1.]
69;[ 9.90151134e-01 -3.76509067e-03  1.39951979e-01  8.67018215e+00] [ 0.00444983  0.99997961 -0.00458006 -0.85881468] [-1.39931882e-01  5.15770994e-03  9.90147699e-01  4.86998498e+01] [0. 0. 0. 1.];[ 9.90710285e-01 -7.20054051e-03  1.35798685e-01  8.98891003e+00] [ 0.00854353  0.99992017 -0.00930935 -0.88221438] [-1.35720812e-01  1.03830671e-02  9.90692714e-01  5.06812404e+01] [0. 0. 0. 1.]
70;[ 9.90706978e-01 -8.05702837e-03  1.35774693e-01  9.00397748e+00] [ 0.00940937  0.99991228 -0.0093214  -0.87877846] [-1.35687680e-01  1.05123301e-02  9.90695889e-01  5.07016711e+01] [0. 0. 0. 1.];[ 9.90848506e-01 -6.09983062e-03  1.34840760e-01  9.10297585e+00] [ 0.00786076  0.99989059 -0.01253078 -0.88918493] [-1.34749571e-01  1.34760506e-02  9.90788044e-01  5.16325062e+01] [0. 0. 0. 1.]
71;[ 9.90706978e-01 -8.05702837e-03  1.35774693e-01  9.00397748e+00] [ 0.00940937  0.99991228 -0.0093214  -0.87877846] [-1.35687680e-01  1.05123301e-02  9.90695889e-01  5.07016711e+01] [0. 0. 0. 1.];[ 9.90966438e-01 -5.06472918e-03  1.34014426e-01  9.28450220e+00] [ 0.0068313   0.99989569 -0.01272543 -0.92187726] [-1.33935996e-01  1.35259629e-02  9.90897672e-01  5.26569586e+01] [0. 0. 0. 1.]
72;[ 9.90966438e-01 -5.06472918e-03  1.34014426e-01  9.28450220e+00] [ 0.0068313   0.99989569 -0.01272543 -0.92187726] [-1.33935996e-01  1.35259629e-02  9.90897672e-01  5.26569586e+01] [0. 0. 0. 1.];[ 9.91009976e-01 -2.23573428e-03  1.33769313e-01  9.42354638e+00] [ 0.00409708  0.99989856 -0.01364092 -0.92487581] [-1.33725246e-01  1.40663548e-02  9.90918612e-01  5.36351361e+01] [0. 0. 0. 1.]
73;[ 9.90966438e-01 -5.06472918e-03  1.34014426e-01  9.28450220e+00] [ 0.0068313   0.99989569 -0.01272543 -0.92187726] [-1.33935996e-01  1.35259629e-02  9.90897672e-01  5.26569586e+01] [0. 0. 0. 1.];[9.90937566e-01 7.33594671e-03 1.34122795e-01 9.55624578e+00] [-0.00582207  0.99991488 -0.011676   -0.96195547] [-1.34197034e-01  1.07893181e-02  9.90895931e-01  5.46345416e+01] [0. 0. 0. 1.]
74;[ 9.90885296e-01 -4.93044331e-03  1.34618055e-01  9.26622600e+00] [ 0.00667297  0.99989965 -0.01249606 -0.92934807] [-1.34542936e-01  1.32804619e-02  9.90818766e-01  5.26602820e+01] [0. 0. 0. 1.];[0.99050403 0.01001077 0.13711878 9.6531816 ] [-0.00929561  0.99993965 -0.00585492 -0.97458392] [-1.37169114e-01  4.52472203e-03  9.90537309e-01  5.56746015e+01] [0. 0. 0. 1.]
75;[0.99050403 0.01001077 0.13711878 9.6531816 ] [-0.00929561  0.99993965 -0.00585492 -0.97458392] [-1.37169114e-01  4.52472203e-03  9.90537309e-01  5.56746015e+01] [0. 0. 0. 1.];[0.99043607 0.00997276 0.13761152 9.85774229] [-0.01025188  0.99994658  0.00131968 -0.98985704] [-1.37591012e-01 -2.71783817e-03  9.90485400e-01  5.66749383e+01] [0. 0. 0. 1.]
76;[0.99051856 0.01064912 0.13696562 9.67182317] [-0.00994051  0.99993344 -0.00585661 -0.97660754] [-1.37018875e-01  4.43957798e-03  9.90558488e-01  5.56830095e+01] [0. 0. 0. 1.];[9.90079780e-01 9.77479313e-03 1.40165912e-01 9.99459915e+00] [-0.01029353  0.99994259  0.00297639 -1.01979261] [-1.40128771e-01 -4.38966140e-03  9.90123557e-01  5.77335669e+01] [0. 0. 0. 1.]
77;[0.990036   0.01011976 0.14045035 9.99022718] [-0.01065027  0.99993871  0.0030261  -1.02046421] [-1.40411119e-01 -4.49177985e-03  9.90083098e-01  5.77494554e+01] [0. 0. 0. 1.];[9.89735990e-01 1.00788247e-02 1.42552051e-01 1.01323064e+01] [-0.0097133   0.99994751 -0.00325985 -1.02099835] [-1.42577424e-01  1.84173696e-03  9.89781939e-01  5.87679322e+01] [0. 0. 0. 1.]
78;[0.990036   0.01011976 0.14045035 9.99022718] [-0.01065027  0.99993871  0.0030261  -1.02046421] [-1.40411119e-01 -4.49177985e-03  9.90083098e-01  5.77494554e+01] [0. 0. 0. 1.];[9.89831133e-01 2.73071315e-03 1.42221208e-01 1.03187218e+01] [-0.0015192   0.99996164 -0.00862637 -1.02127223] [-1.42239309e-01  8.32258469e-03  9.89797309e-01  5.98210463e+01] [0. 0. 0. 1.]
79;[9.89831133e-01 2.73071315e-03 1.42221208e-01 1.03187218e+01] [-0.0015192   0.99996164 -0.00862637 -1.02127223] [-1.42239309e-01  8.32258469e-03  9.89797309e-01  5.98210463e+01] [0. 0. 0. 1.];[9.89815564e-01 2.83508482e-03 1.42327481e-01 1.04999866e+01] [-0.00166188  0.99996366 -0.00836121 -1.05391584] [-1.42346014e-01  8.03952791e-03  9.89784309e-01  6.08337918e+01] [0. 0. 0. 1.]
80;[9.89768600e-01 4.21723751e-03 1.42619538e-01 1.03098564e+01] [-0.00305598  0.99996038 -0.00836041 -1.03442004] [-1.42649146e-01  7.83903036e-03  9.89742275e-01  5.98014551e+01] [0. 0. 0. 1.];[9.89501244e-01 1.99078462e-03 1.44510642e-01 1.06138793e+01] [-7.79017038e-04  9.99964067e-01 -8.44141810e-03 -1.07564371e+00] [-1.44522255e-01  8.24021746e-03  9.89467239e-01  6.19271514e+01] [0. 0. 0. 1.]
81;[9.89501244e-01 1.99078462e-03 1.44510642e-01 1.06138793e+01] [-7.79017038e-04  9.99964067e-01 -8.44141810e-03 -1.07564371e+00] [-1.44522255e-01  8.24021746e-03  9.89467239e-01  6.19271514e+01] [0. 0. 0. 1.];[9.89514278e-01 3.67951693e-03 1.44388206e-01 1.07768623e+01] [-0.00208505  0.99993519 -0.01119269 -1.10563675] [-1.44420031e-01  1.07742702e-02  9.89457816e-01  6.28960683e+01] [0. 0. 0. 1.]
82;[9.89504597e-01 2.13095368e-03 1.44485678e-01 1.06225734e+01] [-9.71605424e-04  9.99966771e-01 -8.09405367e-03 -1.08210650e+00] [-1.44498125e-01  7.86872025e-03  9.89473787e-01  6.18695535e+01] [0. 0. 0. 1.];[9.89647843e-01 1.86486542e-03 1.43504944e-01 1.09413947e+01] [ 4.47408674e-04  9.99870626e-01 -1.60788968e-02 -1.11652054e+00] [-1.43516363e-01  1.59766509e-02  9.89518974e-01  6.39523759e+01] [0. 0. 0. 1.]
83;[9.89504597e-01 2.13095368e-03 1.44485678e-01 1.06225734e+01] [-9.71605424e-04  9.99966771e-01 -8.09405367e-03 -1.08210650e+00] [-1.44498125e-01  7.86872025e-03  9.89473787e-01  6.18695535e+01] [0. 0. 0. 1.];[9.89548051e-01 3.67784755e-03 1.44156612e-01 1.10840610e+01] [-8.75946797e-04  9.99809568e-01 -1.94951566e-02 -1.15713485e+00] [-1.44200860e-01  1.91651207e-02  9.89362830e-01  6.49321806e+01] [0. 0. 0. 1.]
84;[9.89548051e-01 3.67784755e-03 1.44156612e-01 1.10840610e+01] [-8.75946797e-04  9.99809568e-01 -1.94951566e-02 -1.15713485e+00] [-1.44200860e-01  1.91651207e-02  9.89362830e-01  6.49321806e+01] [0. 0. 0. 1.];[9.89655913e-01 1.02251071e-03 1.43457759e-01 1.12678795e+01] [ 0.00148195  0.99984838 -0.01734988 -1.16338393] [-1.43453748e-01  1.73830065e-02  9.89504347e-01  6.59628359e+01] [0. 0. 0. 1.]
85;[9.89524776e-01 4.06514864e-03 1.44305900e-01 1.11033934e+01] [-0.0012763   0.99981073 -0.01941329 -1.16002927] [-1.44357505e-01  1.90257505e-02  9.89342677e-01  6.49116226e+01] [0. 0. 0. 1.];[ 9.89621881e-01 -1.04747166e-03  1.43692154e-01  1.13948161e+01] [ 0.00246127  0.9999503  -0.00966169 -1.18936545] [-1.43674891e-01  9.91508862e-03  9.89575271e-01  6.69530406e+01] [0. 0. 0. 1.]
86;[9.89524776e-01 4.06514864e-03 1.44305900e-01 1.11033934e+01] [-0.0012763   0.99981073 -0.01941329 -1.16002927] [-1.44357505e-01  1.90257505e-02  9.89342677e-01  6.49116226e+01] [0. 0. 0. 1.];[9.89659252e-01 9.78541494e-04 1.43435027e-01 1.15729100e+01] [-0.00131309  0.99999663  0.00223775 -1.20006725] [-1.43432354e-01 -2.40295096e-03  9.89657206e-01  6.80116525e+01] [0. 0. 0. 1.]
87;[9.89659252e-01 9.78541494e-04 1.43435027e-01 1.15729100e+01] [-0.00131309  0.99999663  0.00223775 -1.20006725] [-1.43432354e-01 -2.40295096e-03  9.89657206e-01  6.80116525e+01] [0. 0. 0. 1.];[ 9.89710587e-01 -2.40180844e-03  1.43063573e-01  1.17652754e+01] [ 1.18058911e-03  9.99962146e-01  8.62047521e-03 -1.21299499e+00] [-1.43078863e-01 -8.36287628e-03  9.89675958e-01  6.90616493e+01] [0. 0. 0. 1.]
88;[9.89605933e-01 5.63052511e-04 1.43804659e-01 1.15681616e+01] [-9.46793633e-04  9.99996172e-01  2.60007043e-03 -1.21389111e+00] [-1.43802644e-01 -2.70919846e-03  9.89602678e-01  6.80219185e+01] [0. 0. 0. 1.];[9.89763450e-01 4.26366343e-05 1.42717590e-01 1.19310817e+01] [-1.05055682e-03  9.99975039e-01  6.98699559e-03 -1.20640601e+00] [-1.42713730e-01 -7.06540580e-03  9.89738789e-01  7.00805956e+01] [0. 0. 0. 1.]
89;[9.89605933e-01 5.63052511e-04 1.43804659e-01 1.15681616e+01] [-9.46793633e-04  9.99996172e-01  2.60007043e-03 -1.21389111e+00] [-1.43802644e-01 -2.70919846e-03  9.89602678e-01  6.80219185e+01] [0. 0. 0. 1.];[9.89362968e-01 9.21242124e-04 1.45465011e-01 1.20314935e+01] [-5.75888554e-04  9.99996915e-01 -2.41622691e-03 -1.24429513e+00] [-1.45466788e-01  2.30675379e-03  9.89360446e-01  7.11145867e+01] [0. 0. 0. 1.]
90;[9.89362968e-01 9.21242124e-04 1.45465011e-01 1.20314935e+01] [-5.75888554e-04  9.99996915e-01 -2.41622691e-03 -1.24429513e+00] [-1.45466788e-01  2.30675379e-03  9.89360446e-01  7.11145867e+01] [0. 0. 0. 1.];[9.89430143e-01 7.07957992e-03 1.44837395e-01 1.22151142e+01] [-0.00514281  0.99989235 -0.01374207 -1.24573003] [-1.44919091e-01  1.28519425e-02  9.89360038e-01  7.21719188e+01] [0. 0. 0. 1.]
91;[9.89369159e-01 1.81597854e-03 1.45414476e-01 1.20400928e+01] [-0.0015268   0.99999663 -0.00210024 -1.24970536] [-1.45417800e-01  1.85589752e-03  9.89368596e-01  7.10847622e+01] [0. 0. 0. 1.];[9.89234836e-01 8.30976037e-03 1.46100608e-01 1.23507664e+01] [-0.00572507  0.99981974 -0.01810273 -1.28920752] [-1.46224702e-01  1.70714104e-02  9.89104091e-01  7.31806221e+01] [0. 0. 0. 1.]
92;[9.89250286e-01 8.36020544e-03 1.45993079e-01 1.23657620e+01] [-0.00576868  0.99981835 -0.01816539 -1.2803305 ] [-1.46118426e-01  1.71279259e-02  9.89118820e-01  7.31388853e+01] [0. 0. 0. 1.];[9.89337217e-01 4.02153577e-03 1.45587428e-01 1.25054007e+01] [-0.00146708  0.99984317 -0.01764894 -1.30917474] [-1.45635571e-01  1.72471667e-02  9.89187958e-01  7.41435689e+01] [0. 0. 0. 1.]
93;[9.89250286e-01 8.36020544e-03 1.45993079e-01 1.23657620e+01] [-0.00576868  0.99981835 -0.01816539 -1.2803305 ] [-1.46118426e-01  1.71279259e-02  9.89118820e-01  7.31388853e+01] [0. 0. 0. 1.];[ 9.89059244e-01 -3.44635027e-03  1.47478589e-01  1.26012896e+01] [ 0.00516025  0.99992351 -0.01124029 -1.37054938] [-1.47428571e-01  1.18783404e-02  9.89001376e-01  7.50606498e+01] [0. 0. 0. 1.]
94;[ 9.89059244e-01 -3.44635027e-03  1.47478589e-01  1.26012896e+01] [ 0.00516025  0.99992351 -0.01124029 -1.37054938] [-1.47428571e-01  1.18783404e-02  9.89001376e-01  7.50606498e+01] [0. 0. 0. 1.];[ 9.89164889e-01 -5.73407545e-03  1.46696769e-01  1.28310123e+01] [ 0.00676403  0.99995585 -0.00652311 -1.3818852 ] [-1.46652888e-01  7.44469111e-03  9.89160001e-01  7.62057312e+01] [0. 0. 0. 1.]
95;[ 9.89076210e-01 -1.16338237e-03  1.47400467e-01  1.26087349e+01] [ 0.00285055  0.99993282 -0.01123543 -1.35737772] [-1.47377493e-01  1.15328735e-02  9.89013078e-01  7.50788535e+01] [0. 0. 0. 1.];[ 9.88908645e-01 -1.33905889e-03  1.48519019e-01  1.29089335e+01] [ 1.53344015e-03  9.99998111e-01 -1.19429731e-03 -1.38009002e+00] [-1.48517139e-01  1.40879596e-03  9.88908830e-01  7.71327005e+01] [0. 0. 0. 1.]
96;[ 9.88908645e-01 -1.33905889e-03  1.48519019e-01  1.29089335e+01] [ 1.53344015e-03  9.99998111e-01 -1.19429731e-03 -1.38009002e+00] [-1.48517139e-01  1.40879596e-03  9.88908830e-01  7.71327005e+01] [0. 0. 0. 1.];[ 9.88948785e-01 -1.71668470e-03  1.48247607e-01  1.30330417e+01] [ 1.29476810e-03  9.99994833e-01  2.94248589e-03 -1.42482808e+00] [-1.48251892e-01 -2.71802158e-03  9.88945898e-01  7.80914761e+01] [0. 0. 0. 1.]
97;[ 9.88928038e-01 -9.53033488e-04  1.48392815e-01  1.29266233e+01] [ 1.13131462e-03  9.99998736e-01 -1.11701138e-03 -1.37279807e+00] [-1.48391563e-01  1.27252284e-03  9.88927866e-01  7.71430401e+01] [0. 0. 0. 1.];[ 9.89204076e-01 -8.05367377e-04  1.46542308e-01  1.32172115e+01] [ 7.29044850e-04  9.99999569e-01  5.74529599e-04 -1.41286536e+00] [-1.46542708e-01 -4.61491106e-04  9.89204237e-01  7.91129938e+01] [0. 0. 0. 1.]
98;[ 9.88928038e-01 -9.53033488e-04  1.48392815e-01  1.29266233e+01] [ 1.13131462e-03  9.99998736e-01 -1.11701138e-03 -1.37279807e+00] [-1.48391563e-01  1.27252284e-03  9.88927866e-01  7.71430401e+01] [0. 0. 0. 1.];[ 9.89486732e-01 -3.54628856e-03  1.44580187e-01  1.34081889e+01] [ 0.00391782  0.99998971 -0.00228507 -1.41697585] [-1.44570597e-01  2.82748981e-03  9.89490449e-01  8.02050768e+01] [0. 0. 0. 1.]
99;[ 9.89486732e-01 -3.54628856e-03  1.44580187e-01  1.34081889e+01] [ 0.00391782  0.99998971 -0.00228507 -1.41697585] [-1.44570597e-01  2.82748981e-03  9.89490449e-01  8.02050768e+01] [0. 0. 0. 1.];[ 9.89689076e-01 -2.65230625e-03  1.43207885e-01  1.35592464e+01] [ 0.00324149  0.99998722 -0.00388105 -1.42540062] [-1.43195761e-01  4.30523523e-03  9.89685020e-01  8.11962043e+01] [0. 0. 0. 1.]
100;[ 9.89452071e-01 -3.05735154e-03  1.44828352e-01  1.34110485e+01] [ 0.00336923  0.9999925  -0.00190823 -1.43163808] [-1.44821432e-01  2.37606121e-03  9.89454955e-01  8.02262204e+01] [0. 0. 0. 1.];[9.89740999e-01 1.47431782e-03 1.42865606e-01 1.36915355e+01] [-8.39333210e-04  9.99989501e-01 -4.50479209e-03 -1.46660806e+00] [-1.42870748e-01  4.33866558e-03  9.89731845e-01  8.22264876e+01] [0. 0. 0. 1.]
101;[9.89740999e-01 1.47431782e-03 1.42865606e-01 1.36915355e+01] [-8.39333210e-04  9.99989501e-01 -4.50479209e-03 -1.46660806e+00] [-1.42870748e-01  4.33866558e-03  9.89731845e-01  8.22264876e+01] [0. 0. 0. 1.];[9.89973858e-01 4.43160638e-03 1.41181164e-01 1.38394947e+01] [-0.00349405  0.99997017 -0.00688802 -1.47233487] [-1.41207478e-01  6.32566601e-03  9.89959814e-01  8.32592159e+01] [0. 0. 0. 1.]
102;[9.89739574e-01 2.11152208e-03 1.42867484e-01 1.36960063e+01] [-1.42309259e-03  9.99986881e-01 -4.92066709e-03 -1.45158548e+00] [-1.42876000e-01  4.66686528e-03  9.89729594e-01  8.22003718e+01] [0. 0. 0. 1.];[9.90034708e-01 7.26227992e-03 1.40636184e-01 1.39657274e+01] [-0.00606636  0.99994172 -0.00893051 -1.49870429] [-1.40692844e-01  7.98836360e-03  9.90021065e-01  8.42198078e+01] [0. 0. 0. 1.]
103;[9.90034708e-01 7.26227992e-03 1.40636184e-01 1.39657274e+01] [-0.00606636  0.99994172 -0.00893051 -1.49870429] [-1.40692844e-01  7.98836360e-03  9.90021065e-01  8.42198078e+01] [0. 0. 0. 1.];[9.89944144e-01 1.08281829e-02 1.41043759e-01 1.40916589e+01] [-0.0098382   0.99992185 -0.0077144  -1.51998083] [-1.41116269e-01  6.24921057e-03  9.89973306e-01  8.52378249e+01] [0. 0. 0. 1.]
104;[9.90003157e-01 7.39024714e-03 1.40851459e-01 1.39808741e+01] [-0.00619924  0.99994124 -0.00889267 -1.49449716] [-1.40908902e-01  7.93059765e-03  9.89990801e-01  8.42063619e+01] [0. 0. 0. 1.];[9.89913986e-01 8.13487130e-03 1.41435939e-01 1.42716753e+01] [-0.00787426  0.99996611 -0.00240217 -1.53846793] [-1.41450687e-01  1.26424208e-03  9.89944496e-01  8.61951658e+01] [0. 0. 0. 1.]
105;[9.89930834e-01 6.91582095e-03 1.41382868e-01 1.42954403e+01] [-0.00664437  0.99997507 -0.00239192 -1.52876161] [-1.41395885e-01  1.42843710e-03  9.89952102e-01  8.61782466e+01] [0. 0. 0. 1.];[9.89826753e-01 1.06828529e-02 1.41876270e-01 1.44058948e+01] [-1.09351059e-02  9.99939711e-01  9.98415726e-04 -1.55752449e+00] [-1.41857050e-01 -2.53969063e-03  9.89883896e-01  8.72230894e+01] [0. 0. 0. 1.]
106;[9.89930834e-01 6.91582095e-03 1.41382868e-01 1.42954403e+01] [-0.00664437  0.99997507 -0.00239192 -1.52876161] [-1.41395885e-01  1.42843710e-03  9.89952102e-01  8.61782466e+01] [0. 0. 0. 1.];[9.89625302e-01 1.10207285e-02 1.43249104e-01 1.45449958e+01] [-1.12030024e-02  9.99937136e-01  4.65894394e-04 -1.56226360e+00] [-1.43234964e-01 -2.06588093e-03  9.89686555e-01  8.81600520e+01] [0. 0. 0. 1.]
107;[9.89675552e-01 1.11148799e-02 1.42894230e-01 1.45733035e+01] [-1.12667742e-02  9.99936496e-01  2.53872401e-04 -1.56102874e+00] [-1.42882334e-01 -1.86120833e-03  9.89737932e-01  8.81523736e+01] [0. 0. 0. 1.];[9.89753170e-01 1.05054970e-02 1.42401883e-01 1.47122872e+01] [-0.01022577  0.99994408 -0.00269604 -1.58080873] [-1.42422243e-01  1.21224756e-03  9.89805251e-01  8.91555202e+01] [0. 0. 0. 1.]
108;[9.89675552e-01 1.11148799e-02 1.42894230e-01 1.45733035e+01] [-1.12667742e-02  9.99936496e-01  2.53872401e-04 -1.56102874e+00] [-1.42882334e-01 -1.86120833e-03  9.89737932e-01  8.81523736e+01] [0. 0. 0. 1.];[9.89588565e-01 1.22325929e-02 1.43404448e-01 1.48528015e+01] [-0.01193897  0.9999245  -0.00290786 -1.59689091] [-1.43429192e-01  1.16548731e-03  9.89659895e-01  9.01517778e+01] [0. 0. 0. 1.]
109;[9.89588565e-01 1.22325929e-02 1.43404448e-01 1.48528015e+01] [-0.01193897  0.9999245  -0.00290786 -1.59689091] [-1.43429192e-01  1.16548731e-03  9.89659895e-01  9.01517778e+01] [0. 0. 0. 1.];[9.89625017e-01 1.29733726e-02 1.43087448e-01 1.50438063e+01] [-1.32802153e-02  9.99911106e-01  1.18958000e-03 -1.61211977e+00] [-1.43059296e-01 -3.07747024e-03  9.89709335e-01  9.11239392e+01] [0. 0. 0. 1.]
110;[9.89650357e-01 1.22336048e-02 1.42977306e-01 1.48779516e+01] [-0.01189249  0.99992403 -0.00324018 -1.59564516] [-1.43006084e-01  1.50629052e-03  9.89720663e-01  9.01652130e+01] [0. 0. 0. 1.];[9.89450688e-01 1.02830748e-02 1.44504655e-01 1.51930210e+01] [-0.01159957  0.99989852  0.00827081 -1.66645287] [-1.44404941e-01 -9.85975343e-03  9.89469554e-01  9.22083346e+01] [0. 0. 0. 1.]
111;[9.89381546e-01 1.16195812e-02 1.44876299e-01 1.51957503e+01] [-0.01287887  0.99988697  0.0077573  -1.64991434] [-1.44769788e-01 -9.54077088e-03  9.89419366e-01  9.21971730e+01] [0. 0. 0. 1.];[ 0.98928478  0.01716148  0.1449866  15.32699607] [-0.01877608  0.99977593  0.00977506 -1.62927859] [-1.44786356e-01 -1.23925966e-02  9.89385332e-01  9.31288705e+01] [0. 0. 0. 1.]
112;[9.89381546e-01 1.16195812e-02 1.44876299e-01 1.51957503e+01] [-0.01287887  0.99988697  0.0077573  -1.64991434] [-1.44769788e-01 -9.54077088e-03  9.89419366e-01  9.21971730e+01] [0. 0. 0. 1.];[9.89438840e-01 1.15160593e-02 1.44492779e-01 1.55320098e+01] [-0.01297753  0.99987368  0.00917604 -1.60543414] [-1.44368855e-01 -1.09542946e-02  9.89463308e-01  9.42254885e+01] [0. 0. 0. 1.]
113;[9.89438840e-01 1.15160593e-02 1.44492779e-01 1.55320098e+01] [-0.01297753  0.99987368  0.00917604 -1.60543414] [-1.44368855e-01 -1.09542946e-02  9.89463308e-01  9.42254885e+01] [0. 0. 0. 1.];[9.89447464e-01 4.65191689e-03 1.44817385e-01 1.56964484e+01] [-0.00586486  0.9999512   0.00794985 -1.62302572] [-1.44773336e-01 -8.71529192e-03  9.89426463e-01  9.51845212e+01] [0. 0. 0. 1.]
114;[9.89341309e-01 1.23990516e-02 1.45086315e-01 1.55080605e+01] [-0.01391866  0.99985835  0.00946339 -1.61475408] [-1.44948426e-01 -1.13819304e-02  9.89373744e-01  9.41667820e+01] [0. 0. 0. 1.];[9.89284969e-01 1.08816364e-02 1.45591345e-01 1.58016185e+01] [-0.01152177  0.99992731  0.00355425 -1.62898662] [-1.45542085e-01 -5.19363915e-03  9.89338429e-01  9.61750795e+01] [0. 0. 0. 1.]
115;[9.89219389e-01 1.21951179e-02 1.45932446e-01 1.57786483e+01] [-0.01287759  0.99991011  0.00373284 -1.63761159] [-1.45873806e-01 -5.57186107e-03  9.89287515e-01  9.61406562e+01] [0. 0. 0. 1.];[ 0.98911581  0.01607485  0.14625837 15.91287245] [-0.01520825  0.99985955 -0.00704145 -1.63777688] [-1.46351017e-01  4.74047283e-03  9.89221364e-01  9.71618304e+01] [0. 0. 0. 1.]
