0;;
1;;
2;[ 9.94424472e-01 -3.21576470e-04  1.05450772e-01  2.10934499e-01] [-1.59987432e-05  9.99994879e-01  3.20039731e-03 -1.02510916e-02] [-0.10545126 -0.00318424  0.99441937  1.02009416] [0. 0. 0. 1.];[ 9.94424472e-01 -3.21576470e-04  1.05450772e-01  2.10934499e-01] [-1.59987432e-05  9.99994879e-01  3.20039731e-03 -1.02510916e-02] [-0.10545126 -0.00318424  0.99441937  1.02009416] [0. 0. 0. 1.]
3;[ 9.94424472e-01 -3.21576470e-04  1.05450772e-01  2.10934499e-01] [-1.59987432e-05  9.99994879e-01  3.20039731e-03 -1.02510916e-02] [-0.10545126 -0.00318424  0.99441937  1.02009416] [0. 0. 0. 1.];[ 0.98726195 -0.00316393  0.15907176  0.36182355] [ 0.00223524  0.9999794   0.00601674 -0.01189991] [-0.15908752 -0.00558454  0.98724869  1.50692142] [0. 0. 0. 1.]
4;[ 0.9873178  -0.00328859  0.1587222   0.3722609 ] [ 0.0023511   0.99997867  0.0060939  -0.01357069] [-0.15873886 -0.00564344  0.98730448  1.50632491] [0. 0. 0. 1.];[ 0.97667023 -0.00502711  0.21468577  0.52151687] [ 0.00304806  0.99994977  0.00954842 -0.01120522] [-0.21472299 -0.00867128  0.9766365   1.97963613] [0. 0. 0. 1.]
5;[ 0.97697271 -0.00484217  0.21330934  0.55055119] [ 0.00280645  0.9999476   0.00984526 -0.01716541] [-0.21334584 -0.00901991  0.9769351   1.97507125] [0. 0. 0. 1.];[ 0.96301104 -0.00506234  0.26941438  0.7398728 ] [ 0.00179608  0.99992189  0.0123687  -0.03151771] [-0.26945595 -0.01142731  0.96294491  2.43515889] [0. 0. 0. 1.]
6;[ 0.96324495 -0.0051777   0.2685747   0.75624899] [ 0.00205181  0.99992687  0.01191819 -0.02303536] [-0.26861676 -0.01092908  0.96318513  2.42985369] [0. 0. 0. 1.];[ 0.94596254 -0.00813574  0.32417384  0.99261892] [ 0.00473896  0.9999253   0.01126633 -0.03479546] [-0.32424129 -0.00912128  0.94593044  2.86936604] [0. 0. 0. 1.]
7;[ 0.94623098 -0.00828894  0.32338557  1.00233224] [ 0.0049636   0.999926    0.01110631 -0.03135071] [-0.3234537  -0.00890397  0.94620211  2.86309797] [0. 0. 0. 1.];[ 0.9262444  -0.01206257  0.37673042  1.26426643] [ 0.00974185  0.99992002  0.00806483 -0.03791156] [-0.37679758 -0.00379995  0.92628783  3.29993782] [0. 0. 0. 1.]
8;[ 0.94623098 -0.00828894  0.32338557  1.00233224] [ 0.0049636   0.999926    0.01110631 -0.03135071] [-0.3234537  -0.00890397  0.94620211  2.86309797] [0. 0. 0. 1.];[ 0.90394175 -0.01442714  0.42741219  1.55781325] [ 0.01355116  0.99989522  0.00509152 -0.04955336] [-4.27440858e-01  1.18949448e-03  9.04042531e-01  3.69690264e+00] [0. 0. 0. 1.]
9;[ 0.90482088 -0.01447547  0.42554627  1.5836819 ] [ 0.01357131  0.99989461  0.00515654 -0.05233038] [-4.25576069e-01  1.10946942e-03  9.04921974e-01  3.68447466e+00] [0. 0. 0. 1.];[ 0.88012855 -0.01593591  0.47446789  1.87896086] [ 0.01663558  0.99985791  0.00272347 -0.06012408] [-0.47444387  0.00549605  0.8802686   4.07996518] [0. 0. 0. 1.]
10;[ 0.90482088 -0.01447547  0.42554627  1.5836819 ] [ 0.01357131  0.99989461  0.00515654 -0.05233038] [-4.25576069e-01  1.10946942e-03  9.04921974e-01  3.68447466e+00] [0. 0. 0. 1.];[ 0.85503887 -0.01511767  0.51834351  2.21806832] [ 1.75217598e-02  9.99846449e-01  2.57680277e-04 -5.68428354e-02] [-0.51826781  0.00886196  0.85517246  4.45531502] [0. 0. 0. 1.]
11;[ 0.85557369 -0.01519227  0.51745806  2.22939906] [ 1.73758294e-02  9.99848833e-01  6.25493580e-04 -6.14856457e-02] [-0.51738934  0.00845611  0.85570834  4.44255623] [0. 0. 0. 1.];[ 0.82706596 -0.01650063  0.56186264  2.5697884 ] [ 0.02080706  0.99978271 -0.00126679 -0.03533194] [-0.56171965  0.01273843  0.82722957  4.83575044] [0. 0. 0. 1.]
12;[ 0.85557369 -0.01519227  0.51745806  2.22939906] [ 1.73758294e-02  9.99848833e-01  6.25493580e-04 -6.14856457e-02] [-0.51738934  0.00845611  0.85570834  4.44255623] [0. 0. 0. 1.];[ 0.79713727 -0.01604328  0.60358494  2.93148144] [ 2.00764103e-02  9.99798447e-01  6.02927363e-05 -4.63299251e-02] [-0.60346426  0.01206976  0.7972987   5.15718574] [0. 0. 0. 1.]
13;[ 0.79737609 -0.01599584  0.60327068  2.93734411] [ 1.99081910e-02  9.99801793e-01  1.96194633e-04 -5.05461668e-02] [-0.60315424  0.01185359  0.79753649  5.15790922] [0. 0. 0. 1.];[ 0.76413967 -0.01641781  0.64484185  3.32596945] [ 2.18642392e-02  9.99760845e-01 -4.55076884e-04 -4.15731795e-02] [-0.64468016  0.01444672  0.76431589  5.50950843] [0. 0. 0. 1.]
14;[ 0.79737609 -0.01599584  0.60327068  2.93734411] [ 1.99081910e-02  9.99801793e-01  1.96194633e-04 -5.05461668e-02] [-0.60315424  0.01185359  0.79753649  5.15790922] [0. 0. 0. 1.];[ 0.72940837 -0.01560204  0.68390058  3.73281354] [ 2.21261526e-02  9.99754874e-01 -7.90731213e-04 -4.60694751e-02] [-0.6837206   0.01570885  0.72957479  5.83420939] [0. 0. 0. 1.]
15;[ 0.72977644 -0.01537926  0.68351286  3.73099238] [ 2.19794139e-02  9.99757951e-01 -9.72215309e-04 -4.21135071e-02] [-0.68333247  0.01573271  0.72993782  5.81715188] [0. 0. 0. 1.];[ 0.69141684 -0.01724463  0.72225021  4.15721565] [ 2.59556484e-02  9.99662616e-01 -9.79385740e-04 -4.19299714e-02] [-0.72198965  0.01942364  0.69163117  6.13851016] [0. 0. 0. 1.]
16;[ 0.72977644 -0.01537926  0.68351286  3.73099238] [ 2.19794139e-02  9.99757951e-01 -9.72215309e-04 -4.21135071e-02] [-0.68333247  0.01573271  0.72993782  5.81715188] [0. 0. 0. 1.];[ 0.65236439 -0.02042989  0.75763007  4.62364858] [ 3.02010132e-02  9.99543395e-01  9.48344202e-04 -5.57302855e-02] [-0.7573035   0.02226253  0.65268352  6.4047642 ] [0. 0. 0. 1.]
17;[ 0.65228477 -0.02085264  0.7576871   4.61975786] [ 3.08111299e-02  9.99524741e-01  9.83386422e-04 -5.53453966e-02] [-0.75734751  0.02270375  0.65261726  6.39740895] [0. 0. 0. 1.];[ 0.61308022 -0.02547329  0.78960987  5.08813983] [ 0.03688063  0.99931318  0.00360305 -0.0735117 ] [-0.78915934  0.02691235  0.61359862  6.64634579] [0. 0. 0. 1.]
18;[ 0.65228477 -0.02085264  0.7576871   4.61975786] [ 3.08111299e-02  9.99524741e-01  9.83386422e-04 -5.53453966e-02] [-0.75734751  0.02270375  0.65261726  6.39740895] [0. 0. 0. 1.];[ 0.57524334 -0.0290524   0.81746624  5.61454446] [ 0.04400806  0.99902087  0.00453671 -0.04657896] [-0.81679764  0.03336539  0.57595865  6.91377668] [0. 0. 0. 1.]
19;[ 0.57482088 -0.02926183  0.81775589  5.59980196] [ 0.044112    0.99901535  0.00474044 -0.0508996 ] [-0.8170894   0.03334794  0.57554568  6.91347446] [0. 0. 0. 1.];[ 0.53926407 -0.0336456   0.84146434  6.17975758] [ 0.04935223  0.9987469   0.00830642 -0.04604831] [-0.84068937  0.03704879  0.5402488   7.20098641] [0. 0. 0. 1.]
20;[ 0.57482088 -0.02926183  0.81775589  5.59980196] [ 0.044112    0.99901535  0.00474044 -0.0508996 ] [-0.8170894   0.03334794  0.57554568  6.91347446] [0. 0. 0. 1.];[ 0.50562461 -0.03619313  0.86199409  6.66542458] [ 0.05053529  0.99864668  0.0122881  -0.05724442] [-0.86127228  0.03734796  0.50676937  7.41513936] [0. 0. 0. 1.]
21;[ 0.50596049 -0.03597692  0.86180604  6.66431763] [ 0.05001544  0.99867237  0.01232681 -0.0581894 ] [-0.86110536  0.03686673  0.50708816  7.40252221] [0. 0. 0. 1.];[ 0.47414616 -0.03686374  0.87967408  7.24220311] [ 0.05131397  0.99858178  0.01418836 -0.02735009] [-0.87894954  0.03841221  0.47536534  7.68760858] [0. 0. 0. 1.]
22;[ 0.50596049 -0.03597692  0.86180604  6.66431763] [ 0.05001544  0.99867237  0.01232681 -0.0581894 ] [-0.86110536  0.03686673  0.50708816  7.40252221] [0. 0. 0. 1.];[ 0.44600102 -0.03815968  0.89421861  7.78902533] [ 0.05131452  0.99853754  0.0170177  -0.03191302] [-0.89356024  0.03829649  0.44730691  7.89225122] [0. 0. 0. 1.]
23;[ 0.44619802 -0.03825801  0.89411613  7.78926024] [ 0.05129045  0.99853685  0.01713014 -0.03659425] [-0.89346327  0.03821618  0.44750744  7.88516026] [0. 0. 0. 1.];[ 0.41995783 -0.03935186  0.90669005  8.36367436] [ 0.05252828  0.99843859  0.01900402 -0.02838575] [-0.90602218  0.03964598  0.42136919  8.10053625] [0. 0. 0. 1.]
24;[ 0.44619802 -0.03825801  0.89411613  7.78926024] [ 0.05129045  0.99853685  0.01713014 -0.03659425] [-0.89346327  0.03821618  0.44750744  7.88516026] [0. 0. 0. 1.];[ 0.39671061 -0.04095909  0.91702947  8.96739275] [ 0.05501521  0.9982691   0.02078786 -0.02595079] [-0.91629363  0.0422038   0.39827732  8.30188612] [0. 0. 0. 1.]
25;[ 0.39658938 -0.04109029  0.91707603  8.96052763] [ 0.05488875  0.99827179  0.02099169 -0.02815128] [-0.91635369  0.04201207  0.39815939  8.29609544] [0. 0. 0. 1.];[ 0.37288053 -0.04221337  0.92691863  9.59209621] [ 0.05678572  0.99813028  0.02261272 -0.02480426] [-0.9261401   0.04420389  0.37458046  8.5411055 ] [0. 0. 0. 1.]
26;[ 0.39658938 -0.04109029  0.91707603  8.96052763] [ 0.05488875  0.99827179  0.02099169 -0.02815128] [-0.91635369  0.04201207  0.39815939  8.29609544] [0. 0. 0. 1.];[ 0.35276439 -0.04132418  0.93479923 10.19762822] [ 0.05904189  0.99801661  0.02183821 -0.01852473] [-0.9338476   0.04748857  0.35450458  8.69425945] [0. 0. 0. 1.]
27;[ 0.35276439 -0.04132418  0.93479923 10.19762822] [ 0.05904189  0.99801661  0.02183821 -0.01852473] [-0.9338476   0.04748857  0.35450458  8.69425945] [0. 0. 0. 1.];[ 0.3319706  -0.03893093  0.94248602 10.8552534 ] [0.06179756 0.99789911 0.01945299 0.0097554 ] [-0.94126329  0.05178551  0.333679    8.88957652] [0. 0. 0. 1.]
28;[ 0.35264734 -0.04118547  0.93484951 10.18144015] [ 0.05884407  0.99802975  0.02177155 -0.01615565] [-0.93390429  0.04733267  0.35437606  8.6826116 ] [0. 0. 0. 1.];[ 0.31345098 -0.03716312  0.94887691 11.51144324] [0.0655173  0.99769915 0.01743235 0.02130895] [-0.94734153  0.05670367  0.3151646   9.0482696 ] [0. 0. 0. 1.]
29;[ 0.31316864 -0.03733165  0.94896351 11.48965655] [0.06518345 0.99771563 0.01773825 0.01220817] [-0.94745792  0.05630165  0.31488665  9.0379204 ] [0. 0. 0. 1.];[ 0.29668123 -0.03518787  0.95432807 12.21414145] [0.06853419 0.99752874 0.01547487 0.03454796] [-0.95251421  0.060813    0.29835963  9.23032326] [0. 0. 0. 1.]
30;[ 0.31316864 -0.03733165  0.94896351 11.48965655] [0.06518345 0.99771563 0.01773825 0.01220817] [-0.94745792  0.05630165  0.31488665  9.0379204 ] [0. 0. 0. 1.];[ 0.28140328 -0.03441776  0.95897216 12.91763694] [0.07076425 0.99737981 0.01503097 0.03822632] [-0.95697681  0.06363118  0.2831015   9.39194849] [0. 0. 0. 1.]
31;[ 0.28140328 -0.03441776  0.95897216 12.91763694] [0.07076425 0.99737981 0.01503097 0.03822632] [-0.95697681  0.06363118  0.2831015   9.39194849] [0. 0. 0. 1.];[ 0.26859452 -0.03428758  0.9626429  13.66692065] [0.07140774 0.99732523 0.01559887 0.04075338] [-0.96060289  0.06455038  0.27032449  9.56300259] [0. 0. 0. 1.]
32;[ 0.28141612 -0.03471048  0.95895785 12.91526548] [0.07082491 0.99737116 0.01531658 0.03235118] [-0.95696855  0.06360777  0.28313469  9.38502011] [0. 0. 0. 1.];[ 0.25510513 -0.03519284  0.96627265 14.43106165] [0.0707868  0.99733555 0.01763581 0.04763209] [-0.96431872  0.06390036  0.25691661  9.77980806] [0. 0. 0. 1.]
33;[ 0.25545913 -0.03512192  0.9661817  14.42209464] [0.07048068 0.99735751 0.01762006 0.04902032] [-0.96424743  0.06359594  0.2572595   9.75836143] [0. 0. 0. 1.];[ 0.24439834 -0.03597599  0.96900732 15.2379528 ] [0.07117489 0.99728146 0.01907433 0.06008454] [-0.96705925  0.06430725  0.24629452  9.96335778] [0. 0. 0. 1.]
34;[ 0.25545913 -0.03512192  0.9661817  14.42209464] [0.07048068 0.99735751 0.01762006 0.04902032] [-0.96424743  0.06359594  0.2572595   9.75836143] [0. 0. 0. 1.];[ 0.23364182 -0.03588567  0.97166029 16.05775299] [0.07274184 0.99716334 0.01933632 0.07677698] [-0.96959792  0.06616258  0.23558945 10.13782301] [0. 0. 0. 1.]
35;[ 0.23390499 -0.03605195  0.97159081 16.07896453] [0.07277416 0.99715817 0.01948068 0.07545085] [-0.96953204  0.06615007  0.23586393 10.12944845] [0. 0. 0. 1.];[ 0.22445012 -0.03559684  0.97383521 16.92020353] [0.07551105 0.9969632  0.01903841 0.08873948] [-0.97155557  0.06926214  0.22645646 10.31164333] [0. 0. 0. 1.]
36;[ 0.23390499 -0.03605195  0.97159081 16.07896453] [0.07277416 0.99715817 0.01948068 0.07545085] [-0.96953204  0.06615007  0.23586393 10.12944845] [0. 0. 0. 1.];[ 0.21701814 -0.03768362  0.97543994 17.81935102] [0.07623227 0.99685717 0.02155068 0.09601041] [-0.9731864   0.06968311  0.2192088  10.49597611] [0. 0. 0. 1.]
37;[ 0.21701814 -0.03768362  0.97543994 17.81935102] [0.07623227 0.99685717 0.02155068 0.09601041] [-0.9731864   0.06968311  0.2192088  10.49597611] [0. 0. 0. 1.];[ 0.21070247 -0.04067385  0.97670369 18.69897032] [0.07633415 0.99676777 0.02504198 0.10911984] [-0.97456532  0.06927944  0.21312624 10.69426506] [0. 0. 0. 1.]
38;[ 0.21692881 -0.03735939  0.97547228 17.8204749 ] [0.07612022 0.99687216 0.02125111 0.10239715] [-0.97321509  0.06964319  0.2190941  10.50785014] [0. 0. 0. 1.];[ 0.20567145 -0.04221954  0.97770996 19.6095117 ] [0.07676714 0.99668637 0.02689021 0.12636077] [-0.97560548  0.06952545  0.208231   10.8979061 ] [0. 0. 0. 1.]
39;[ 0.2061219  -0.04210695  0.97761995 19.59516158] [0.07655393 0.99670551 0.02678831 0.13258418] [-0.97552717  0.069319    0.20866629 10.8794346 ] [0. 0. 0. 1.];[ 0.20334281 -0.04259207  0.97818077 20.5070877 ] [0.07690321 0.99666172 0.02741024 0.15159323] [-0.97608278  0.06965156  0.20593946 11.05625636] [0. 0. 0. 1.]
40;[ 0.2061219  -0.04210695  0.97761995 19.59516158] [0.07655393 0.99670551 0.02678831 0.13258418] [-0.97552717  0.069319    0.20866629 10.8794346 ] [0. 0. 0. 1.];[ 0.20114857 -0.04362112  0.97858901 21.38925558] [0.07784452 0.99656031 0.02842129 0.17199012] [-0.97646274  0.07046089  0.20385235 11.23797407] [0. 0. 0. 1.]
41;[ 0.20134598 -0.04371654  0.97854415 21.38927534] [0.07769412 0.99656879 0.02853539 0.17188935] [-0.97643403  0.07028164  0.20405164 11.23723786] [0. 0. 0. 1.];[ 0.19909812 -0.04504442  0.97894379 22.25568526] [0.07808853 0.99649584 0.02997035 0.16111618] [-0.97686341  0.07047724  0.2019179  11.43327979] [0. 0. 0. 1.]
42;[ 0.20134598 -0.04371654  0.97854415 21.38927534] [0.07769412 0.99656879 0.02853539 0.17188935] [-0.97643403  0.07028164  0.20405164 11.23723786] [0. 0. 0. 1.];[ 0.2003456  -0.04467454  0.9787062  23.15134233] [0.07891985 0.99644942 0.0293292  0.1841772 ] [-0.9765415   0.07136337  0.20315997 11.57308531] [0. 0. 0. 1.]
43;[ 0.20036719 -0.0444171   0.9787135  23.16135783] [0.07898775 0.99645218 0.02905136 0.18793737] [-0.97653158  0.07148544  0.20316473 11.58159493] [0. 0. 0. 1.];[ 0.20038038 -0.04361122  0.97874704 24.0311731 ] [0.08120276 0.99631069 0.02776906 0.21639566] [-0.97634718  0.07391259  0.20318246 11.76116213] [0. 0. 0. 1.]
44;[ 0.20036719 -0.0444171   0.9787135  23.16135783] [0.07898775 0.99645218 0.02905136 0.18793737] [-0.97653158  0.07148544  0.20316473 11.58159493] [0. 0. 0. 1.];[ 0.20260275 -0.04347861  0.97829532 24.91462432] [0.08193916 0.99626315 0.02730774 0.21799212] [-0.97582688  0.07462808  0.20540825 11.9311063 ] [0. 0. 0. 1.]
45;[ 0.20284173 -0.04360517  0.97824017 24.90916655] [0.08210834 0.99624717 0.02738236 0.22148633] [-0.97576301  0.07476739  0.20566084 11.92266752] [0. 0. 0. 1.];[ 0.20439866 -0.0422465   0.97797567 25.77602002] [0.08115497 0.99636025 0.02607915 0.22390736] [-0.97551784  0.07403705  0.20708322 12.09881566] [0. 0. 0. 1.]
46;[ 0.20284173 -0.04360517  0.97824017 24.90916655] [0.08210834 0.99624717 0.02738236 0.22148633] [-0.97576301  0.07476739  0.20566084 11.92266752] [0. 0. 0. 1.];[ 0.20533321 -0.04035195  0.9778599  26.61903031] [0.08125349 0.99640314 0.02405536 0.23935985] [-0.97531336  0.07451516  0.20787339 12.29594757] [0. 0. 0. 1.]
47;[ 0.20498667 -0.0404811   0.97792727 26.60465013] [0.08158109 0.99637422 0.02414422 0.23637196] [-0.9753589   0.07483113  0.20754592 12.29877419] [0. 0. 0. 1.];[ 0.20678496 -0.03901975  0.97760802 27.46684831] [0.08108257 0.99645065 0.02262113 0.24564946] [-0.97502082  0.07458926  0.20921483 12.4877524 ] [0. 0. 0. 1.]
48;[ 0.20498667 -0.0404811   0.97792727 26.60465013] [0.08158109 0.99637422 0.02414422 0.23637196] [-0.9753589   0.07483113  0.20754592 12.29877419] [0. 0. 0. 1.];[ 0.20795154 -0.03825644  0.97739071 28.29753851] [0.08205268 0.99639514 0.02154261 0.24645565] [-0.9746915   0.07571771  0.21034095 12.66299347] [0. 0. 0. 1.]
49;[ 0.20823156 -0.03831674  0.97732873 28.28230932] [0.08234672 0.99637141 0.02151837 0.24945971] [-0.97460691  0.07599901  0.21063123 12.64363778] [0. 0. 0. 1.];[ 0.20883965 -0.03733433  0.977237   29.13653809] [0.08389057 0.99627155 0.02013376 0.27082065] [-0.9743451   0.07777624  0.211193   12.83926391] [0. 0. 0. 1.]
50;[ 0.20823156 -0.03831674  0.97732873 28.28230932] [0.08234672 0.99637141 0.02151837 0.24945971] [-0.97460691  0.07599901  0.21063123 12.64363778] [0. 0. 0. 1.];[ 0.21004961 -0.03859536  0.97692864 29.97984961] [0.08598081 0.99607828 0.02086516 0.27329667] [-0.9739027   0.07961439  0.21254432 12.99753995] [0. 0. 0. 1.]
51;[ 0.21021776 -0.03829328  0.97690435 29.97648898] [0.08568223 0.99610936 0.02060834 0.2809844 ] [-0.97389273  0.0793711   0.21268094 12.9923931 ] [0. 0. 0. 1.];[ 0.21165393 -0.03895195  0.97656815 30.86035241] [0.08652056 0.99602921 0.02097638 0.28894411] [-0.97350748  0.08005349  0.21418364 13.18535077] [0. 0. 0. 1.]
52;[ 0.21021776 -0.03829328  0.97690435 29.97648898] [0.08568223 0.99610936 0.02060834 0.2809844 ] [-0.97389273  0.0793711   0.21268094 12.9923931 ] [0. 0. 0. 1.];[ 0.21281938 -0.03878551  0.97632146 31.69243028] [0.08592946 0.99608325 0.02083959 0.29275948] [-0.97330573  0.07945971  0.21531864 13.35642137] [0. 0. 0. 1.]
53;[ 0.21322631 -0.03878053  0.97623287 31.69295359] [0.08597507 0.99608034 0.02079051 0.29292491] [-0.97321263  0.0794986   0.21572469 13.34461479] [0. 0. 0. 1.];[ 0.2132843  -0.03822599  0.97624207 32.55723046] [0.08551662 0.99612948 0.02032148 0.29873327] [-0.97324032  0.07915067  0.21572774 13.55248122] [0. 0. 0. 1.]
54;[ 0.21322631 -0.03878053  0.97623287 31.69295359] [0.08597507 0.99608034 0.02079051 0.29292491] [-0.97321263  0.0794986   0.21572469 13.34461479] [0. 0. 0. 1.];[ 0.21498224 -0.03856593  0.97585619 33.42722668] [0.08703048 0.99600105 0.02018914 0.30899433] [-0.97273241  0.08058893  0.21747895 13.70173492] [0. 0. 0. 1.]
55;[ 0.21477428 -0.03851018  0.97590418 33.41272345] [0.08697655 0.99600631 0.02016187 0.30678031] [-0.97278317  0.08055053  0.21726602 13.70953891] [0. 0. 0. 1.];[ 0.21451961 -0.0395954   0.97591677 34.28284904] [0.08844667 0.99586031 0.02096279 0.32272591] [-0.9727068   0.08181966  0.21713364 13.87983556] [0. 0. 0. 1.]
56;[ 0.21477428 -0.03851018  0.97590418 33.41272345] [0.08697655 0.99600631 0.02016187 0.30678031] [-0.97278317  0.08055053  0.21726602 13.70953891] [0. 0. 0. 1.];[ 0.21287349 -0.04083454  0.97622611 35.17324121] [0.09088693 0.99562198 0.02182726 0.33222534] [-0.97284348  0.08407975  0.21565285 14.07342267] [0. 0. 0. 1.]
57;[ 0.21285225 -0.04040915  0.97624844 35.17753569] [0.09069216 0.99564819 0.02143847 0.34416536] [-0.97286631  0.08397485  0.21559075 14.08532005] [0. 0. 0. 1.];[ 0.21071668 -0.0407207   0.97669868 36.06683234] [0.08941809 0.99574621 0.02222343 0.33586985] [-0.97344896  0.08265168  0.2134615  14.26870534] [0. 0. 0. 1.]
58;[ 0.21285225 -0.04040915  0.97624844 35.17753569] [0.09069216 0.99564819 0.02143847 0.34416536] [-0.97286631  0.08397485  0.21559075 14.08532005] [0. 0. 0. 1.];[ 0.20836629 -0.04017901  0.97722522 36.96336634] [0.0877832  0.99589155 0.02222914 0.3391481 ] [-0.97410349  0.08115215  0.21103727 14.46704716] [0. 0. 0. 1.]
59;[ 0.20815908 -0.04026775  0.97726573 36.94077049] [0.08750273 0.99591245 0.02239787 0.33689042] [-0.97417302  0.0808511   0.21083176 14.4683761 ] [0. 0. 0. 1.];[ 0.20504764 -0.03853373  0.97799316 37.84635663] [0.08698642 0.99598803 0.02100503 0.35247152] [-0.97487888  0.08076509  0.20757691 14.63666194] [0. 0. 0. 1.]
60;[ 0.20815908 -0.04026775  0.97726573 36.94077049] [0.08750273 0.99591245 0.02239787 0.33689042] [-0.97417302  0.0808511   0.21083176 14.4683761 ] [0. 0. 0. 1.];[ 1.99349697e-01 -3.76978432e-02  9.79203028e-01  3.87120480e+01] [0.08890318 0.99583463 0.0202389  0.36555799] [-0.97588725  0.08301964  0.20187079 14.79637345] [0. 0. 0. 1.]
61;[ 1.99349697e-01 -3.76978432e-02  9.79203028e-01  3.87120480e+01] [0.08890318 0.99583463 0.0202389  0.36555799] [-0.97588725  0.08301964  0.20187079 14.79637345] [0. 0. 0. 1.];[ 1.93301307e-01 -3.76207872e-02  9.80417911e-01  3.96099756e+01] [0.09414471 0.99536493 0.01963256 0.3758905 ] [-0.97661219  0.08850615  0.19594714 14.98057983] [0. 0. 0. 1.]
62;[ 1.99243215e-01 -3.78146041e-02  9.79220198e-01  3.87231897e+01] [0.08908732 0.99581634 0.02032878 0.36443167] [-0.9758922   0.08318573  0.20177845 14.79720902] [0. 0. 0. 1.];[ 1.91759274e-01 -3.92372968e-02  9.80657338e-01  4.05506418e+01] [0.09722593 0.99504494 0.02080125 0.39667792] [-0.9766143   0.09135649  0.19462398 15.12001281] [0. 0. 0. 1.]
63;[ 1.91759274e-01 -3.92372968e-02  9.80657338e-01  4.05506418e+01] [0.09722593 0.99504494 0.02080125 0.39667792] [-0.9766143   0.09135649  0.19462398 15.12001281] [0. 0. 0. 1.];[ 1.91421161e-01 -4.10884593e-02  9.80647581e-01  4.14263349e+01] [0.09836897 0.99489598 0.02248396 0.4115839 ] [-0.97656617  0.09216138  0.19448597 15.27715255] [0. 0. 0. 1.]
64;[ 1.91620163e-01 -3.91628801e-02  9.80687505e-01  4.05349854e+01] [0.09767321 0.99500428 0.02064988 0.39945655] [-0.97659698  0.09182997  0.19448805 15.12596551] [0. 0. 0. 1.];[ 0.19207981 -0.04324547  0.98042602 42.35891977] [0.09854042 0.99482955 0.02457529 0.3940437 ] [-0.97641955  0.09189117  0.1953481  15.4848951 ] [0. 0. 0. 1.]
65;[ 0.19207981 -0.04324547  0.98042602 42.35891977] [0.09854042 0.99482955 0.02457529 0.3940437 ] [-0.97641955  0.09189117  0.1953481  15.4848951 ] [0. 0. 0. 1.];[ 1.94005237e-01 -4.30682885e-02  9.80054637e-01  4.32826482e+01] [0.09810755 0.99487912 0.02429902 0.42772976] [-0.97608241  0.09143662  0.19723708 15.67032895] [0. 0. 0. 1.]
66;[ 0.19231359 -0.04299467  0.98039122 42.36420819] [0.09842372 0.99484733 0.02432183 0.40307736] [-0.9763853   0.09181633  0.19555435 15.48010885] [0. 0. 0. 1.];[ 1.96544288e-01 -4.22558630e-02  9.79583986e-01  4.41936689e+01] [0.09749292 0.99496207 0.02335819 0.43974362] [-0.97563593  0.09091159  0.19967376 15.8249908 ] [0. 0. 0. 1.]
67;[ 1.96501643e-01 -4.22071903e-02  9.79594639e-01  4.41923663e+01] [0.09746292 0.99496593 0.02331892 0.44046913] [-0.97564752  0.09089194  0.19962608 15.82764644] [0. 0. 0. 1.];[ 1.97104564e-01 -4.03579353e-02  9.79551442e-01  4.51590379e+01] [0.09702779 0.99505002 0.02147263 0.46798694] [-0.97556927  0.09081135  0.20004474 16.03548373] [0. 0. 0. 1.]
68;[ 1.96501643e-01 -4.22071903e-02  9.79594639e-01  4.41923663e+01] [0.09746292 0.99496593 0.02331892 0.44046913] [-0.97564752  0.09089194  0.19962608 15.82764644] [0. 0. 0. 1.];[ 1.98777501e-01 -4.02191229e-02  9.79219040e-01  4.60972090e+01] [0.0963807  0.99511646 0.02130718 0.47108246] [-0.97529394  0.09014243  0.20168311 16.21796809] [0. 0. 0. 1.]
69;[ 1.98777501e-01 -4.02191229e-02  9.79219040e-01  4.60972090e+01] [0.0963807  0.99511646 0.02130718 0.47108246] [-0.97529394  0.09014243  0.20168311 16.21796809] [0. 0. 0. 1.];[ 1.98510892e-01 -3.88030561e-02  9.79330255e-01  4.70804247e+01] [0.09562079 0.99521589 0.02005008 0.50329243] [-0.97542303  0.08966418  0.20127157 16.42264259] [0. 0. 0. 1.]
70;[ 1.98295651e-01 -3.99129168e-02  9.79329257e-01  4.60945662e+01] [0.09666621 0.99509566 0.0209824  0.47481628] [-0.97536377  0.09050733  0.20118137 16.23251649] [0. 0. 0. 1.];[ 1.96814630e-01 -3.85146289e-02  9.79683941e-01  4.80637807e+01] [0.09444626 0.9953259  0.02015569 0.48910762] [-0.97588109  0.08856055  0.19953226 16.62804342] [0. 0. 0. 1.]
71;[ 1.96807250e-01 -3.82119347e-02  9.79697277e-01  4.80672876e+01] [0.09447197 0.99532973 0.01984358 0.49616652] [-0.97588009  0.08864857  0.19949806 16.62781506] [0. 0. 0. 1.];[ 1.94501814e-01 -3.65736648e-02  9.80220083e-01  4.90785995e+01] [0.09323776 0.99546934 0.01864178 0.51931854] [-0.97646084  0.08776767  0.19703064 16.84283462] [0. 0. 0. 1.]
72;[ 1.96807250e-01 -3.82119347e-02  9.79697277e-01  4.80672876e+01] [0.09447197 0.99532973 0.01984358 0.49616652] [-0.97588009  0.08864857  0.19949806 16.62781506] [0. 0. 0. 1.];[ 1.93011087e-01 -3.60560683e-02  9.80533875e-01  5.01170032e+01] [0.09400054 0.99540761 0.01809967 0.53246867] [-0.97668348  0.08867727  0.19551399 17.01871709] [0. 0. 0. 1.]
73;[ 1.93011087e-01 -3.60560683e-02  9.80533875e-01  5.01170032e+01] [0.09400054 0.99540761 0.01809967 0.53246867] [-0.97668348  0.08867727  0.19551399 17.01871709] [0. 0. 0. 1.];[ 1.90625494e-01 -3.57025518e-02  9.81013379e-01  5.12015614e+01] [0.09506304 0.99531298 0.0177508  0.53672147] [-0.9770491   0.08987435  0.19312602 17.22824549] [0. 0. 0. 1.]
74;[ 1.93184154e-01 -3.60731005e-02  9.80499166e-01  5.01283131e+01] [0.09394241 0.99541286 0.01811266 0.52836445] [-0.97665486  0.08861137  0.19568678 17.01616338] [0. 0. 0. 1.];[ 1.88649881e-01 -3.58923147e-02  9.81388284e-01  5.23076501e+01] [0.09588543 0.99523021 0.01796673 0.54967074] [-0.97735214  0.09071142  0.19119161 17.43308101] [0. 0. 0. 1.]
75;[ 1.88649881e-01 -3.58923147e-02  9.81388284e-01  5.23076501e+01] [0.09588543 0.99523021 0.01796673 0.54967074] [-0.97735214  0.09071142  0.19119161 17.43308101] [0. 0. 0. 1.];[ 1.87274446e-01 -3.43303377e-02  9.81707548e-01  5.34439416e+01] [0.09561344 0.99528069 0.01656539 0.56321096] [-0.97764326  0.09076216  0.18967308 17.63688772] [0. 0. 0. 1.]
76;[ 1.88511321e-01 -3.56312553e-02  9.81424422e-01  5.22989501e+01] [0.09564821 0.99525673 0.0177614  0.55750069] [-0.97740212  0.09052326  0.19102523 17.43127478] [0. 0. 0. 1.];[ 1.85585796e-01 -3.17663838e-02  9.82114458e-01  5.46065983e+01] [0.09437933 0.9954327  0.01436272 0.57713925] [-0.9780851   0.09002579  0.18773626 17.85022476] [0. 0. 0. 1.]
77;[ 1.85585796e-01 -3.17663838e-02  9.82114458e-01  5.46065983e+01] [0.09437933 0.9954327  0.01436272 0.57713925] [-0.9780851   0.09002579  0.18773626 17.85022476] [0. 0. 0. 1.];[ 1.84165238e-01 -2.88933283e-02  9.82470529e-01  5.57989046e+01] [0.09435169 0.99547147 0.01158934 0.59498518] [-0.97835624  0.0905634   0.18605737 18.06426545] [0. 0. 0. 1.]
78;[ 1.85087029e-01 -3.15425374e-02  9.82215791e-01  5.46043556e+01] [0.0942451  0.99544763 0.01420808 0.5837506 ] [-0.97819254  0.08993929  0.18721717 17.86871947] [0. 0. 0. 1.];[ 1.81958544e-01 -2.78798839e-02  9.82910881e-01  5.70044683e+01] [0.09613265 0.99531383 0.01043541 0.6071812 ] [-0.97859573  0.09259101  0.18378602 18.31137469] [0. 0. 0. 1.]
79;[ 1.82275252e-01 -2.78461038e-02  9.82853156e-01  5.70226591e+01] [0.09545066 0.99537879 0.01049916 0.60917865] [-0.97860355  0.09190024  0.18409085 18.30808057] [0. 0. 0. 1.];[ 1.80317166e-01 -2.87606983e-02  9.83187948e-01  5.82729094e+01] [0.09701651 0.9952184  0.01131974 0.62506895] [-0.9788123   0.09334432  0.18224522 18.53093448] [0. 0. 0. 1.]
80;[ 1.82275252e-01 -2.78461038e-02  9.82853156e-01  5.70226591e+01] [0.09545066 0.99537879 0.01049916 0.60917865] [-0.97860355  0.09190024  0.18409085 18.30808057] [0. 0. 0. 1.];[ 1.77590042e-01 -3.08013729e-02  9.83622414e-01  5.95719145e+01] [0.0961854  0.99526777 0.01380006 0.64062087] [-0.97939274  0.09215937  0.17971229 18.78812886] [0. 0. 0. 1.]
81;[ 1.77590042e-01 -3.08013729e-02  9.83622414e-01  5.95719145e+01] [0.0961854  0.99526777 0.01380006 0.64062087] [-0.97939274  0.09215937  0.17971229 18.78812886] [0. 0. 0. 1.];[ 1.77451869e-01 -3.32777094e-02  9.83566687e-01  6.09240941e+01] [0.10052662 0.99481329 0.01552154 0.64152207] [-0.97898173  0.09612031  0.17987677 18.96196468] [0. 0. 0. 1.]
82;[ 1.78624462e-01 -3.12549639e-02  9.83420779e-01  5.95991670e+01] [0.09675131 0.99520933 0.01405612 0.63145088] [-0.97914886  0.09263648  0.18079269 18.75193184] [0. 0. 0. 1.];[ 1.76585730e-01 -3.37421939e-02  9.83706737e-01  6.22693281e+01] [0.10339046 0.99451923 0.0155534  0.65820669] [-0.97884008  0.09895939  0.17910653 19.19719577] [0. 0. 0. 1.]
83;[ 1.76585730e-01 -3.37421939e-02  9.83706737e-01  6.22693281e+01] [0.10339046 0.99451923 0.0155534  0.65820669] [-0.97884008  0.09895939  0.17910653 19.19719577] [0. 0. 0. 1.];[ 1.76715933e-01 -3.42838996e-02  9.83664624e-01  6.36839149e+01] [0.10545568 0.99429991 0.0157094  0.67707548] [-0.97859623  0.10095692  0.17932407 19.43484888] [0. 0. 0. 1.]
84;[ 1.76018786e-01 -3.37958365e-02  9.83806499e-01  6.22633578e+01] [0.10303236 0.9945536  0.01573088 0.65524611] [-0.97897994  0.09859498  0.17854218 19.20196907] [0. 0. 0. 1.];[ 1.76188810e-01 -3.51520958e-02  9.83728536e-01  6.50108684e+01] [0.10770553 0.99405034 0.01623054 0.69215218] [-0.97844623  0.10309337  0.17892662 19.70704613] [0. 0. 0. 1.]
85;[ 1.76188810e-01 -3.51520958e-02  9.83728536e-01  6.50108684e+01] [0.10770553 0.99405034 0.01623054 0.69215218] [-0.97844623  0.10309337  0.17892662 19.70704613] [0. 0. 0. 1.];[ 1.78567697e-01 -3.58179390e-02  9.83275471e-01  6.63654191e+01] [0.10961055 0.993841   0.01629699 0.71371078] [-0.9778032   0.10486724  0.18139392 19.94994783] [0. 0. 0. 1.]
86;[ 1.76540737e-01 -3.51568926e-02  9.83665269e-01  6.50379646e+01] [0.10749153 0.9940734  0.01623713 0.69751568] [-0.97840633  0.10286917  0.17927352 19.68913789] [0. 0. 0. 1.];[ 1.81911836e-01 -3.55559398e-02  9.82671796e-01  6.78619989e+01] [0.10963536 0.99384843 0.01566469 0.73232541] [-0.9771838   0.10488599  0.18469098 20.20352353] [0. 0. 0. 1.]
87;[ 1.81911836e-01 -3.55559398e-02  9.82671796e-01  6.78619989e+01] [0.10963536 0.99384843 0.01566469 0.73232541] [-0.9771838   0.10488599  0.18469098 20.20352353] [0. 0. 0. 1.];[ 1.85812771e-01 -3.67535129e-02  9.81897547e-01  6.93200255e+01] [0.10994991 0.99380195 0.01639236 0.74335834] [-0.97641417  0.10491364  0.18870214 20.47931897] [0. 0. 0. 1.]
88;[ 1.81987552e-01 -3.56432998e-02  9.82654612e-01  6.78424096e+01] [0.10973144 0.99383685 0.01572665 0.73320416] [-0.97715891  0.10496605  0.18477713 20.19239152] [0. 0. 0. 1.];[ 1.90569309e-01 -3.91142593e-02  9.80894191e-01  7.07220808e+01] [0.1088312  0.9938883  0.01848856 0.78136577] [-0.97562242  0.10322854  0.19366146 20.7655752 ] [0. 0. 0. 1.]
89;[ 1.90569309e-01 -3.91142593e-02  9.80894191e-01  7.07220808e+01] [0.1088312  0.9938883  0.01848856 0.78136577] [-0.97562242  0.10322854  0.19366146 20.7655752 ] [0. 0. 0. 1.];[ 1.96570817e-01 -4.32910116e-02  9.79533462e-01  7.21815568e+01] [0.1091155  0.99378507 0.02202379 0.77910249] [-0.97439916  0.10255304  0.20007286 21.05734872] [0. 0. 0. 1.]
90;[ 1.90483152e-01 -3.92140830e-02  9.80906940e-01  7.07037830e+01] [0.10939149 0.9938268  0.01848776 0.78745029] [-0.97557658  0.10378127  0.19359695 20.75811568] [0. 0. 0. 1.];[ 2.02288224e-01 -4.32162169e-02  9.78372032e-01  7.35742828e+01] [0.10835783 0.9938795  0.02149714 0.82114626] [-0.97331293  0.10166565  0.20573293 21.36454701] [0. 0. 0. 1.]
91;[ 2.02368984e-01 -4.34897526e-02  9.78343210e-01  7.35458766e+01] [0.10874117 0.99383354 0.02168537 0.80828881] [-0.97325338  0.10199774  0.20585021 21.34273223] [0. 0. 0. 1.];[ 2.08627775e-01 -4.04228344e-02  9.77159376e-01  7.49996657e+01] [0.10721222 0.99406898 0.01823207 0.82854122] [-0.97210081  0.10095971  0.21172422 21.66475036] [0. 0. 0. 1.]
92;[ 2.02368984e-01 -4.34897526e-02  9.78343210e-01  7.35458766e+01] [0.10874117 0.99383354 0.02168537 0.80828881] [-0.97325338  0.10199774  0.20585021 21.34273223] [0. 0. 0. 1.];[ 2.14424717e-01 -3.77732474e-02  9.76009848e-01  7.63954616e+01] [0.1041145  0.99444276 0.01561317 0.8380088 ] [-0.97117569  0.09826893  0.21716585 21.99337993] [0. 0. 0. 1.]
93;[ 2.14424717e-01 -3.77732474e-02  9.76009848e-01  7.63954616e+01] [0.1041145  0.99444276 0.01561317 0.8380088 ] [-0.97117569  0.09826893  0.21716585 21.99337993] [0. 0. 0. 1.];[ 2.20115814e-01 -3.71368953e-02  9.74766577e-01  7.78502504e+01] [0.10304453 0.99456926 0.01462246 0.85317613] [-0.9700159   0.09722573  0.22274718 22.36223932] [0. 0. 0. 1.]
94;[ 2.14689143e-01 -3.76118006e-02  9.75957952e-01  7.63682765e+01] [0.1040017  0.99445716 0.01544666 0.84139391] [-0.97112935  0.09818505  0.21741085 21.97231469] [0. 0. 0. 1.];[ 2.25680429e-01 -3.87610359e-02  9.73429980e-01  7.92159689e+01] [0.10266863 0.99459011 0.01580087 0.86359961] [-0.96877629  0.09637477  0.22843907 22.67048521] [0. 0. 0. 1.]
95;[ 2.25680429e-01 -3.87610359e-02  9.73429980e-01  7.92159689e+01] [0.10266863 0.99459011 0.01580087 0.86359961] [-0.96877629  0.09637477  0.22843907 22.67048521] [0. 0. 0. 1.];[ 2.32011672e-01 -3.80046346e-02  9.71970283e-01  8.05907372e+01] [0.09467565 0.99537438 0.01632044 0.85668283] [-0.96809457  0.08823538  0.23453659 23.00471939] [0. 0. 0. 1.]
96;[ 2.26398932e-01 -3.87033544e-02  9.73265418e-01  7.91912101e+01] [0.10116339 0.99474075 0.01602494 0.84599121] [-0.968767    0.0948308   0.22912361 22.6333004 ] [0. 0. 0. 1.];[ 2.37245367e-01 -3.81791359e-02  9.70699227e-01  8.20031091e+01] [0.09218487 0.99560306 0.01662805 0.86128909] [-0.96706597  0.08553885  0.23972175 23.34613152] [0. 0. 0. 1.]
97;[ 2.37245367e-01 -3.81791359e-02  9.70699227e-01  8.20031091e+01] [0.09218487 0.99560306 0.01662805 0.86128909] [-0.96706597  0.08553885  0.23972175 23.34613152] [0. 0. 0. 1.];[ 2.41434746e-01 -3.57194566e-02  9.69759446e-01  8.34227347e+01] [0.09229013 0.99563797 0.01369577 0.87962218] [-0.96601853  0.08619259  0.24367815 23.71893102] [0. 0. 0. 1.]
98;[ 2.37571310e-01 -3.81234707e-02  9.70621694e-01  8.19945120e+01] [0.09173352 0.99564433 0.01665342 0.86222837] [-0.96702887  0.08508217  0.24003373 23.33350246] [0. 0. 0. 1.];[ 2.45188292e-01 -3.33761461e-02  9.68900787e-01  8.47805385e+01] [0.09078603 0.99580598 0.01132881 0.87506759] [-0.96521531  0.08518497  0.24719006 24.0451446 ] [0. 0. 0. 1.]
99;[ 2.45020845e-01 -3.34065073e-02  9.68942099e-01  8.47708685e+01] [0.09029774 0.99584841 0.01150016 0.85917216] [-0.96530363  0.0846755   0.24702015 24.05162869] [0. 0. 0. 1.];[ 2.47346051e-01 -3.23237091e-02  9.68387892e-01  8.61634578e+01] [0.08705751 0.9961424  0.01101386 0.84997948] [-0.96500825  0.08158121  0.24920591 24.44257139] [0. 0. 0. 1.]
100;[ 2.45020845e-01 -3.34065073e-02  9.68942099e-01  8.47708685e+01] [0.09029774 0.99584841 0.01150016 0.85917216] [-0.96530363  0.0846755   0.24702015 24.05162869] [0. 0. 0. 1.];[ 2.50031326e-01 -3.37734855e-02  9.67648535e-01  8.75285081e+01] [0.08510967 0.9962896  0.01278159 0.84944148] [-0.96448986  0.07916044  0.25197806 24.76553184] [0. 0. 0. 1.]
101;[ 2.50031326e-01 -3.37734855e-02  9.67648535e-01  8.75285081e+01] [0.08510967 0.9962896  0.01278159 0.84944148] [-0.96448986  0.07916044  0.25197806 24.76553184] [0. 0. 0. 1.];[ 2.48892286e-01 -3.44200324e-02  9.67919362e-01  8.88156458e+01] [0.08345076 0.99641391 0.01397466 0.8331913 ] [-0.96492932  0.07729542  0.25087211 25.20586288] [0. 0. 0. 1.]
102;[ 2.50086576e-01 -3.38258784e-02  9.67632427e-01  8.75351582e+01] [0.08596112 0.99621871 0.01260835 0.86076391] [-0.96440002  0.08002559  0.25204864 24.7544247 ] [0. 0. 0. 1.];[ 2.49761188e-01 -3.37990644e-02  9.67717403e-01  9.02192940e+01] [0.08105134 0.99661315 0.0138895  0.85347366] [-0.96490934  0.07496574  0.25165474 25.48920141] [0. 0. 0. 1.]
103;[ 2.50269546e-01 -3.37026542e-02  9.67589420e-01  9.02654899e+01] [0.08127223 0.99659789 0.01369179 0.8561815 ] [-0.96475903  0.07521152  0.25215719 25.49302831] [0. 0. 0. 1.];[ 2.46641457e-01 -3.16504114e-02  9.68589822e-01  9.16074211e+01] [0.07909622 0.99678948 0.01243085 0.8679785 ] [-0.96587358  0.07354583  0.24835304 25.85152385] [0. 0. 0. 1.]
104;[ 2.50269546e-01 -3.37026542e-02  9.67589420e-01  9.02654899e+01] [0.08127223 0.99659789 0.01369179 0.8561815 ] [-0.96475903  0.07521152  0.25215719 25.49302831] [0. 0. 0. 1.];[ 2.40926471e-01 -2.80921411e-02  9.70136726e-01  9.29917187e+01] [0.07514864 0.99712006 0.01021087 0.87642672] [-0.96762964  0.07044438  0.2423437  26.26200796] [0. 0. 0. 1.]
105;[ 2.41931132e-01 -2.83523859e-02  9.69879100e-01  9.30215144e+01] [0.07495359 0.99713224 0.0104523  0.86668229] [-0.96739407  0.07016719  0.24336245 26.22336297] [0. 0. 0. 1.];[ 2.33493024e-01 -2.55819624e-02  9.72021898e-01  9.43008963e+01] [0.07095152 0.99743727 0.00920732 0.84850131] [-0.96976641  0.06681659  0.23470972 26.59490152] [0. 0. 0. 1.]
106;[ 2.41931132e-01 -2.83523859e-02  9.69879100e-01  9.30215144e+01] [0.07495359 0.99713224 0.0104523  0.86668229] [-0.96739407  0.07016719  0.24336245 26.22336297] [0. 0. 0. 1.];[ 2.26008049e-01 -2.37763893e-02  9.73835225e-01  9.58030811e+01] [0.07273677 0.9973232  0.00746908 0.87849363] [-0.97140606  0.06914556  0.22713249 26.93072749] [0. 0. 0. 1.]
107;[ 2.26459191e-01 -2.40179481e-02  9.73724485e-01  9.58314417e+01] [0.07296537 0.99730529 0.00763003 0.8730262 ] [-0.97128384  0.06932028  0.22760143 26.91507922] [0. 0. 0. 1.];[ 2.16872531e-01 -2.56960235e-02  9.75861681e-01  9.71915545e+01] [0.0746969  0.99715953 0.00965642 0.86813607] [-0.97333791  0.07079963  0.21817592 27.25897846] [0. 0. 0. 1.]
108;[ 2.26459191e-01 -2.40179481e-02  9.73724485e-01  9.58314417e+01] [0.07296537 0.99730529 0.00763003 0.8730262 ] [-0.97128384  0.06932028  0.22760143 26.91507922] [0. 0. 0. 1.];[ 2.10196306e-01 -2.74498871e-02  9.77273767e-01  9.86178726e+01] [0.07615088 0.99702853 0.0116259  0.86579321] [-0.97468895  0.07197653  0.21166205 27.52527663] [0. 0. 0. 1.]
109;[ 2.10727201e-01 -2.73521516e-02  9.77162170e-01  9.86050208e+01] [0.076664   0.9969921  0.01137446 0.87596069] [-0.97453408  0.07251626  0.21219028 27.50196438] [0. 0. 0. 1.];[ 2.03534701e-01 -2.91081102e-02  9.78634939e-01  1.00023605e+02] [0.07721809 0.99692157 0.01359234 0.85844796] [-0.97601793  0.07280181  0.20515581 27.80391648] [0. 0. 0. 1.]
110;[ 2.10727201e-01 -2.73521516e-02  9.77162170e-01  9.86050208e+01] [0.076664   0.9969921  0.01137446 0.87596069] [-0.97453408  0.07251626  0.21219028 27.50196438] [0. 0. 0. 1.];[ 1.97803618e-01 -2.90220082e-02  9.79811947e-01  1.01419497e+02] [0.07822675 0.99684099 0.01373406 0.87941876] [-0.9771153   0.07393086  0.19944905 28.05898711] [0. 0. 0. 1.]
111;[ 1.98277227e-01 -2.86161813e-02  9.79728154e-01  1.01434803e+02] [0.07756441 0.99689702 0.01342018 0.8896705 ] [-0.97707211  0.07333112  0.19988157 28.05092793] [0. 0. 0. 1.];[ 1.90886174e-01 -2.98904418e-02  9.81156985e-01  1.02799168e+02] [0.07809641 0.99683033 0.0151741  0.88432881] [-0.9785006   0.07372831  0.19261546 28.35034626] [0. 0. 0. 1.]
112;[ 1.98277227e-01 -2.86161813e-02  9.79728154e-01  1.01434803e+02] [0.07756441 0.99689702 0.01342018 0.8896705 ] [-0.97707211  0.07333112  0.19988157 28.05092793] [0. 0. 0. 1.];[ 1.85564781e-01 -2.99609236e-02  9.82175165e-01  1.04222984e+02] [0.07832082 0.99680599 0.01560989 0.89282459] [-0.97950577  0.07402812  0.18731865 28.593343  ] [0. 0. 0. 1.]
113;[ 1.85734780e-01 -3.00925845e-02  9.82139006e-01  1.04218910e+02] [0.0790589  0.99674805 0.01558918 0.89486465] [-0.97941425  0.07475137  0.18750987 28.57895959] [0. 0. 0. 1.];[ 1.80405137e-01 -2.95077946e-02  9.83149672e-01  1.05610768e+02] [0.07844251 0.99679777 0.01552345 0.90779501] [-0.98045946  0.07432021  0.1821421  28.8386161 ] [0. 0. 0. 1.]
114;[ 1.85734780e-01 -3.00925845e-02  9.82139006e-01  1.04218910e+02] [0.0790589  0.99674805 0.01558918 0.89486465] [-0.97941425  0.07475137  0.18750987 28.57895959] [0. 0. 0. 1.];[ 1.76428992e-01 -2.99094816e-02  9.83858848e-01  1.07010622e+02] [0.07886007 0.9967547  0.01616006 0.89651992] [-0.98114927  0.07473608  0.17821509 29.06414743] [0. 0. 0. 1.]
115;[ 1.76541481e-01 -2.97480356e-02  9.83843565e-01  1.07004760e+02] [0.07914784 0.99673551 0.01593551 0.90452677] [-0.98110587  0.07505582  0.17831966 29.06255976] [0. 0. 0. 1.];[ 1.72588965e-01 -2.88655634e-02  9.84570885e-01  1.08400780e+02] [0.07901129 0.99675519 0.01537261 0.91789233] [-0.98181987  0.07513907  0.17430965 29.29717456] [0. 0. 0. 1.]
116;[ 1.76541481e-01 -2.97480356e-02  9.83843565e-01  1.07004760e+02] [0.07914784 0.99673551 0.01593551 0.90452677] [-0.98110587  0.07505582  0.17831966 29.06255976] [0. 0. 0. 1.];[ 1.68799986e-01 -2.84301654e-02  9.85240220e-01  1.09783566e+02] [0.07916643 0.99674554 0.01519868 0.92023866] [-0.9824659   0.07543242  0.17050135 29.53907979] [0. 0. 0. 1.]
117;[ 1.69110058e-01 -2.86412842e-02  9.85180930e-01  1.09757726e+02] [0.07964221 0.99670601 0.01530545 0.91697425] [-0.98237412  0.07587368  0.17083407 29.51589988] [0. 0. 0. 1.];[ 1.64215983e-01 -2.77648591e-02  9.86033581e-01  1.11181325e+02] [0.08061717 0.99663766 0.01463731 0.93036156] [-0.9831246   0.07708756  0.16590216 29.79687333] [0. 0. 0. 1.]
