0;;
1;;
2;;
3;;
4;;
5;;
6;;
7;;
8;;
9;;
10;;
11;;
12;;
13;;
14;;
15;;
16;[ 1.00000000e+00 -2.67484098e-05 -4.55240085e-06 -1.69633859e-01] [ 2.67484929e-05  9.99999999e-01  1.82612688e-05 -4.67277540e-04] [ 4.55191239e-06 -1.82613906e-05  1.00000000e+00  1.63051645e-04] [0. 0. 0. 1.];[ 1.00000000e+00 -2.67484098e-05 -4.55240085e-06 -1.69633859e-01] [ 2.67484929e-05  9.99999999e-01  1.82612688e-05 -4.67277540e-04] [ 4.55191239e-06 -1.82613906e-05  1.00000000e+00  1.63051645e-04] [0. 0. 0. 1.]
17;[ 1.00000000e+00 -2.67484098e-05 -4.55240085e-06 -1.69633859e-01] [ 2.67484929e-05  9.99999999e-01  1.82612688e-05 -4.67277540e-04] [ 4.55191239e-06 -1.82613906e-05  1.00000000e+00  1.63051645e-04] [0. 0. 0. 1.];[ 9.99942687e-01 -6.51304477e-04 -1.06863420e-02 -1.79114509e-01] [ 6.49425571e-04  9.99999773e-01 -1.79292283e-04  4.00025503e-03] [1.06864563e-02 1.72342024e-04 9.99942883e-01 8.79732337e-02] [0. 0. 0. 1.]
18;[ 9.99941617e-01 -7.18295095e-04 -1.07817592e-02 -1.77581689e-01] [ 7.16104164e-04  9.99999722e-01 -2.07066321e-04  4.10307151e-03] [1.07819050e-02 1.99333370e-04 9.99941854e-01 8.86316187e-02] [0. 0. 0. 1.];[ 9.99693778e-01 -8.18792914e-04 -2.47321728e-02 -1.93174002e-01] [8.23672373e-04 9.99999643e-01 1.87105481e-04 6.84219723e-04] [ 2.47320108e-02 -2.07419392e-04  9.99694096e-01  1.59382426e-01] [0. 0. 0. 1.]
19;[ 9.99707253e-01 -4.88336038e-04 -2.41902942e-02 -2.03512033e-01] [ 4.78983766e-04  9.99999808e-01 -3.92405333e-04  9.65680213e-03] [2.41904812e-02 3.80703699e-04 9.99707295e-01 1.67115731e-01] [0. 0. 0. 1.];[ 9.99141308e-01 -9.82853802e-04 -4.14207704e-02 -2.20054879e-01] [ 1.01177868e-03  9.99999259e-01  6.77360779e-04 -5.11290916e-03] [ 4.14200739e-02 -7.18687788e-04  9.99141562e-01  2.40794288e-01] [0. 0. 0. 1.]
20;[ 9.98128682e-01 -1.89435901e-04 -6.11481729e-02 -2.58915664e-01] [2.19433730e-04 9.99999859e-01 4.83861158e-04 4.23196544e-03] [ 6.11480727e-02 -4.96373672e-04  9.98128582e-01  3.37463789e-01] [0. 0. 0. 1.];[ 9.98128682e-01 -1.89435901e-04 -6.11481729e-02 -2.58915664e-01] [2.19433730e-04 9.99999859e-01 4.83861158e-04 4.23196544e-03] [ 6.11480727e-02 -4.96373672e-04  9.98128582e-01  3.37463789e-01] [0. 0. 0. 1.]
21;[ 9.96590531e-01  9.29478789e-04 -8.25012146e-02 -3.43009535e-01] [-9.02076706e-04  9.99999525e-01  3.69415702e-04  1.06376326e-02] [ 8.25015188e-02 -2.93733766e-04  9.96590896e-01  4.64500186e-01] [0. 0. 0. 1.];[ 9.96590531e-01  9.29478789e-04 -8.25012146e-02 -3.43009535e-01] [-9.02076706e-04  9.99999525e-01  3.69415702e-04  1.06376326e-02] [ 8.25015188e-02 -2.93733766e-04  9.96590896e-01  4.64500186e-01] [0. 0. 0. 1.]
22;[ 9.96507615e-01  8.13217963e-04 -8.34979727e-02 -3.24545221e-01] [-7.96889022e-04  9.99999656e-01  2.28888246e-04  1.20338316e-02] [ 8.34981301e-02 -1.61550262e-04  9.96507921e-01  5.21251630e-01] [0. 0. 0. 1.];[ 0.99390736  0.00147754 -0.11020882 -0.35891136] [-1.35929352e-03  9.99998417e-01  1.14802447e-03 -8.68898396e-04] [ 1.10210338e-01 -9.91223839e-04  9.93907792e-01  5.93528487e-01] [0. 0. 0. 1.]
23;[ 9.96507615e-01  8.13217963e-04 -8.34979727e-02 -3.24545221e-01] [-7.96889022e-04  9.99999656e-01  2.28888246e-04  1.20338316e-02] [ 8.34981301e-02 -1.61550262e-04  9.96507921e-01  5.21251630e-01] [0. 0. 0. 1.];[ 9.90264042e-01  9.40582207e-04 -1.39198572e-01 -4.12190379e-01] [-9.07744577e-04  9.99999543e-01  2.99392176e-04  7.12342553e-03] [ 1.39198790e-01 -1.70120558e-04  9.90264443e-01  7.34787951e-01] [0. 0. 0. 1.]
24;[ 0.99010341  0.00103785 -0.1403359  -0.39152226] [-1.05751976e-03  9.99999439e-01 -6.55626274e-05  1.34442992e-02] [1.40335754e-01 2.13321769e-04 9.90103949e-01 7.59854742e-01] [0. 0. 0. 1.];[ 9.85358336e-01  5.16369598e-04 -1.70495404e-01 -4.66640238e-01] [-5.98819403e-04  9.99999727e-01 -4.32165515e-04  1.32906460e-02] [1.70495135e-01 5.27933849e-04 9.85358377e-01 8.55205004e-01] [0. 0. 0. 1.]
25;[ 9.85002296e-01  5.31747437e-04 -1.72540412e-01 -4.26740998e-01] [-6.39096138e-04  9.99999635e-01 -5.66614623e-04  1.34774160e-02] [1.72540047e-01 6.68386615e-04 9.85002277e-01 8.87290147e-01] [0. 0. 0. 1.];[ 9.78396760e-01  8.33094439e-04 -2.06734338e-01 -4.80023197e-01] [-1.01634618e-03  9.99999179e-01 -7.80209314e-04  1.73171480e-02] [2.06733519e-01 9.73467920e-04 9.78396803e-01 9.87120251e-01] [0. 0. 0. 1.]
26;[ 9.78040949e-01  3.07451537e-04 -2.08412588e-01 -4.46438222e-01] [-5.82363071e-04  9.99999040e-01 -1.25771524e-03  2.26736608e-02] [0.208412   0.00135147 0.97804019 1.01992003] [0. 0. 0. 1.];[ 0.97017898  0.00121225 -0.24238662 -0.55301831] [-1.37177850e-03  9.99998939e-01 -4.89394599e-04  1.55857979e-02] [2.42385765e-01 8.07301102e-04 9.70179617e-01 1.13615567e+00] [0. 0. 0. 1.]
27;[ 9.69166010e-01  6.14162146e-04 -2.46407931e-01 -4.77030047e-01] [-9.03672112e-04  9.99999028e-01 -1.06184385e-03  2.21770968e-02] [0.24640704 0.00125177 0.96916562 1.14536233] [0. 0. 0. 1.];[ 0.95918359  0.00438772 -0.28275005 -0.5864888 ] [-0.00417724  0.99999037  0.00134726  0.0086668 ] [ 2.82753234e-01 -1.11151434e-04  9.59192680e-01  1.28140957e+00] [0. 0. 0. 1.]
28;[ 0.95777466  0.00379157 -0.28749491 -0.4986185 ] [-0.00356539  0.99999279  0.00131031  0.00594579] [ 2.87497801e-01 -2.29945442e-04  9.57781270e-01  1.26875324e+00] [0. 0. 0. 1.];[ 0.9461689   0.00753769 -0.32358552 -0.65486035] [-0.00693277  0.9999714   0.00302207  0.01455689] [ 3.23599048e-01 -6.16047524e-04  9.46194101e-01  1.42026751e+00] [0. 0. 0. 1.]
29;[ 0.93013973  0.01019924 -0.3670641  -0.69807683] [-0.00886533  0.99994655  0.00531977  0.01493022] [ 0.36709874 -0.00169399  0.93018044  1.5515489 ] [0. 0. 0. 1.];[ 0.93013973  0.01019924 -0.3670641  -0.69807683] [-0.00886533  0.99994655  0.00531977  0.01493022] [ 0.36709874 -0.00169399  0.93018044  1.5515489 ] [0. 0. 0. 1.]
30;[ 0.928454    0.01026757 -0.37130545 -0.61310589] [-0.00875228  0.99994507  0.00576592  0.00612824] [ 0.37134426 -0.00210362  0.92849287  1.50524465] [0. 0. 0. 1.];[ 0.91233433  0.01205939 -0.40926842 -0.80025502] [-0.0102925   0.99992578  0.00651967  0.02619109] [ 0.40931667 -0.00173573  0.91239073  1.69269477] [0. 0. 0. 1.]
31;[ 0.9093938   0.01164089 -0.41577326 -0.66800945] [-0.00956329  0.99992921  0.00707901  0.01486623] [ 0.41582623 -0.00246145  0.90944075  1.60952269] [0. 0. 0. 1.];[ 0.88995391  0.01425522 -0.45582762 -0.83193864] [-0.01104176  0.99989187  0.00971206  0.01238749] [ 0.45591678 -0.00361014  0.89001509  1.78451332] [0. 0. 0. 1.]
32;[ 0.9093938   0.01164089 -0.41577326 -0.66800945] [-0.00956329  0.99992921  0.00707901  0.01486623] [ 0.41582623 -0.00246145  0.90944075  1.60952269] [0. 0. 0. 1.];[ 0.86480817  0.01517979 -0.5018729  -0.88575888] [-0.00988657  0.99986392  0.01320601  0.01201336] [ 0.50200506 -0.00645886  0.86484056  1.87627285] [0. 0. 0. 1.]
33;[ 0.86249077  0.01532066 -0.50584084 -0.80547124] [-0.00971861  0.99985875  0.01371239  0.00704687] [ 0.50597947 -0.00691074  0.86251784  1.80260855] [0. 0. 0. 1.];[ 0.83916315  0.01672634 -0.54362252 -1.01649125] [-0.00827823  0.99980401  0.01798357  0.02459501] [ 0.54381677 -0.01059092  0.83913715  2.00876323] [0. 0. 0. 1.]
34;[ 0.86249077  0.01532066 -0.50584084 -0.80547124] [-0.00971861  0.99985875  0.01371239  0.00704687] [ 0.50597947 -0.00691074  0.86251784  1.80260855] [0. 0. 0. 1.];[ 0.80704757  0.02391953 -0.59000176 -1.05829209] [-0.01170209  0.99963086  0.02451951  0.01680441] [ 0.59037046 -0.01288416  0.80702957  2.05762185] [0. 0. 0. 1.]
35;[ 0.80704757  0.02391953 -0.59000176 -1.05829209] [-0.01170209  0.99963086  0.02451951  0.01680441] [ 0.59037046 -0.01288416  0.80702957  2.05762185] [0. 0. 0. 1.];[ 0.77435715  0.0301365  -0.63203069 -1.18853965] [-0.01445351  0.99944697  0.02994737  0.01299846] [ 0.63258367 -0.0140549   0.77436449  2.17380688] [0. 0. 0. 1.]
36;[ 0.8053813   0.02366464 -0.59228452 -1.00656695] [-0.0114063   0.99963647  0.02443018  0.01639779] [ 0.59264734 -0.01291983  0.80535844  2.00620754] [0. 0. 0. 1.];[ 0.73793299  0.0364497  -0.67388896 -1.28453544] [-0.01804998  0.99924917  0.03428259  0.02696277] [ 0.67463257 -0.01313457  0.73803684  2.23179091] [0. 0. 0. 1.]
37;[ 0.73645067  0.03637314 -0.6755127  -1.24526901] [-0.01795062  0.99925259  0.03423504  0.02673046] [ 0.67625305 -0.01308654  0.73655316  2.1908038 ] [0. 0. 0. 1.];[ 0.69959853  0.0410651  -0.71335514 -1.43446603] [-0.0180924   0.99904514  0.03976767  0.03441703] [ 0.71430705 -0.01491509  0.69967348  2.35179772] [0. 0. 0. 1.]
38;[ 0.73645067  0.03637314 -0.6755127  -1.24526901] [-0.01795062  0.99925259  0.03423504  0.02673046] [ 0.67625305 -0.01308654  0.73655316  2.1908038 ] [0. 0. 0. 1.];[ 0.6573791   0.04594001 -0.75215838 -1.55229529] [-0.01590552  0.9987635   0.04710079  0.03012083] [ 0.75339215 -0.01899961  0.65729695  2.41397241] [0. 0. 0. 1.]
39;[ 0.65581479  0.04543188 -0.75355351 -1.51744205] [-0.01558877  0.99878963  0.04665036  0.03171672] [ 0.75476085 -0.01884703  0.65572925  2.37915244] [0. 0. 0. 1.];[ 0.61325834  0.04906778 -0.78835687 -1.72010827] [-0.01407743  0.9985891   0.051202    0.0388208 ] [ 0.78975695 -0.02030202  0.61308384  2.51950618] [0. 0. 0. 1.]
40;[ 0.65581479  0.04543188 -0.75355351 -1.51744205] [-0.01558877  0.99878963  0.04665036  0.03171672] [ 0.75476085 -0.01884703  0.65572925  2.37915244] [0. 0. 0. 1.];[ 0.56581943  0.05038044 -0.82298857 -1.86058537] [-0.01067155  0.99849538  0.05378746  0.04604609] [ 0.82446012 -0.02165143  0.56550573  2.57235328] [0. 0. 0. 1.]
41;[ 0.56343863  0.05049113 -0.82461358 -1.83158177] [-0.0109628   0.99849975  0.05364756  0.04726222] [ 0.82608518 -0.02118703  0.56314686  2.55897813] [0. 0. 0. 1.];[ 0.51652658  0.0506644  -0.85477097 -2.04077173] [-0.00628371  0.9984454   0.05538318  0.04867257] [ 0.8562481  -0.02323575  0.51604195  2.66998817] [0. 0. 0. 1.]
42;[ 0.56343863  0.05049113 -0.82461358 -1.83158177] [-0.0109628   0.99849975  0.05364756  0.04726222] [ 0.82608518 -0.02118703  0.56314686  2.55897813] [0. 0. 0. 1.];[ 0.4661784   0.0528836  -0.88310873 -2.22212566] [-0.01155984  0.99849069  0.05369082  0.07651969] [ 0.88461521 -0.01482091  0.46608612  2.73586135] [0. 0. 0. 1.]
43;[ 0.46578663  0.05243259 -0.88334231 -2.19905894] [-0.01025245  0.99849577  0.05386164  0.07226618] [ 0.88483767 -0.01603161  0.46562355  2.71227594] [0. 0. 0. 1.];[ 0.4168182   0.0532163  -0.90743078 -2.4300176 ] [-0.01126381  0.99851054  0.05338377  0.08886507] [ 0.90892008 -0.0120302   0.41679679  2.81718824] [0. 0. 0. 1.]
44;[ 0.46578663  0.05243259 -0.88334231 -2.19905894] [-0.01025245  0.99849577  0.05386164  0.07226618] [ 0.88483767 -0.01603161  0.46562355  2.71227594] [0. 0. 0. 1.];[ 0.3668938   0.05338815 -0.92872959 -2.62650795] [-0.00850976  0.99850266  0.05403729  0.09480258] [ 0.93022391 -0.01192268  0.36679875  2.87501073] [0. 0. 0. 1.]
45;[ 0.36748223  0.05312812 -0.92851183 -2.61707715] [-0.00726019  0.99850048  0.05425937  0.09022537] [ 0.9300022  -0.01319818  0.36731691  2.86050964] [0. 0. 0. 1.];[ 0.32045819  0.05373973 -0.94573706 -2.85390324] [-0.00483201  0.99846921  0.05509883  0.10266363] [ 0.94725034 -0.01308706  0.3202273   2.92566124] [0. 0. 0. 1.]
46;[ 0.36748223  0.05312812 -0.92851183 -2.61707715] [-0.00726019  0.99850048  0.05425937  0.09022537] [ 0.9300022  -0.01319818  0.36731691  2.86050964] [0. 0. 0. 1.];[ 0.27275658  0.05367042 -0.96058489 -3.07897216] [-9.32608946e-04  9.98457049e-01  5.55216227e-02  1.18430860e-01] [ 0.96208263 -0.01424804  0.27238578  2.97293042] [0. 0. 0. 1.]
47;[ 0.2720037   0.05369435 -0.96079701 -3.08045039] [-0.00141228  0.99846327  0.05539951  0.1203061 ] [ 0.96229517 -0.01371196  0.27166154  2.97855777] [0. 0. 0. 1.];[ 0.22529768  0.05528043 -0.97272043 -3.32607049] [0.00314567 0.99834256 0.05746515 0.13766591] [ 0.9742849  -0.01600662  0.22475037  3.027003  ] [0. 0. 0. 1.]
48;[ 0.2720037   0.05369435 -0.96079701 -3.08045039] [-0.00141228  0.99846327  0.05539951  0.1203061 ] [ 0.96229517 -0.01371196  0.27166154  2.97855777] [0. 0. 0. 1.];[ 0.17983467  0.06027668 -0.98184837 -3.58641544] [0.00156306 0.99810211 0.0615608  0.15550605] [ 0.98369561 -0.01260545  0.17939915  3.06740684] [0. 0. 0. 1.]
49;[ 0.18013767  0.06035109 -0.98178825 -3.58544786] [0.00307191 0.99807664 0.06191598 0.15048217] [ 0.98363661 -0.01416936  0.17960581  3.06543794] [0. 0. 0. 1.];[ 0.13944472  0.06414099 -0.98815034 -3.8437934 ] [0.00121889 0.9978881  0.06494508 0.16780453] [ 0.99022911 -0.01026069  0.13907205  3.08326917] [0. 0. 0. 1.]
50;[ 0.18013767  0.06035109 -0.98178825 -3.58544786] [0.00307191 0.99807664 0.06191598 0.15048217] [ 0.98363661 -0.01416936  0.17960581  3.06543794] [0. 0. 0. 1.];[ 0.1012492   0.06441574 -0.99277349 -4.13035337] [0.00283318 0.9978789  0.06503595 0.19007064] [ 0.99485706 -0.00939754  0.10085194  3.11399965] [0. 0. 0. 1.]
51;[ 0.10223837  0.06517384 -0.99262263 -4.12428635] [0.00307704 0.99782595 0.06583241 0.18059662] [ 0.99475517 -0.00978494  0.10181556  3.09815058] [0. 0. 0. 1.];[ 0.06855268  0.0653472  -0.99550503 -4.42777532] [0.00330037 0.99783217 0.06572723 0.1948549 ] [ 0.99764204 -0.00779132  0.0681884   3.13127887] [0. 0. 0. 1.]
52;[ 0.10223837  0.06517384 -0.99262263 -4.12428635] [0.00307704 0.99782595 0.06583241 0.18059662] [ 0.99475517 -0.00978494  0.10181556  3.09815058] [0. 0. 0. 1.];[ 0.04158667  0.06557081 -0.99698095 -4.69967718] [0.00327118 0.9978299  0.06576309 0.2035512 ] [ 0.99912955 -0.00599617  0.04128193  3.11722364] [0. 0. 0. 1.]
53;[ 0.04278734  0.06517312 -0.99695622 -4.69991678] [0.0030573  0.99785686 0.06536321 0.20777372] [ 0.99907952 -0.00584471  0.04249639  3.10391471] [0. 0. 0. 1.];[ 0.01726196  0.06453485 -0.99776614 -4.98907306] [0.00479322 0.99789802 0.0646263  0.22506314] [ 0.99983951 -0.00589809  0.01691634  3.10778132] [0. 0. 0. 1.]
54;[ 0.04278734  0.06517312 -0.99695622 -4.69991678] [0.0030573  0.99785686 0.06536321 0.20777372] [ 0.99907952 -0.00584471  0.04249639  3.10391471] [0. 0. 0. 1.];[-2.62772363e-03  6.48777417e-02 -9.97889760e-01 -5.28781965e+00] [0.00941601 0.99785057 0.0648504  0.24029542] [ 0.99995222 -0.00922573 -0.00323297  3.08510291] [0. 0. 0. 1.]
55;[-3.12183663e-03  6.46697271e-02 -9.97901839e-01 -5.29467031e+00] [0.0097549  0.99786119 0.06463658 0.24211347] [ 0.99994755 -0.00953265 -0.00374601  3.09562902] [0. 0. 0. 1.];[-0.02130772  0.06456259 -0.99768615 -5.5888183 ] [0.01093769 0.99786804 0.06434076 0.26551006] [ 0.99971313 -0.00954143 -0.02196846  3.06424902] [0. 0. 0. 1.]
56;[-3.12183663e-03  6.46697271e-02 -9.97901839e-01 -5.29467031e+00] [0.0097549  0.99786119 0.06463658 0.24211347] [ 0.99994755 -0.00953265 -0.00374601  3.09562902] [0. 0. 0. 1.];[-0.03892278  0.06391015 -0.99719632 -5.92584179] [0.01082427 0.99792097 0.06353409 0.28211027] [ 0.99918359 -0.00832099 -0.03953364  3.07037069] [0. 0. 0. 1.]
57;[-0.03877601  0.06395008 -0.99719948 -5.9257916 ] [0.01081948 0.99791838 0.06357547 0.28132449] [ 0.99918935 -0.00832398 -0.0393872   3.06680746] [0. 0. 0. 1.];[-0.05245832  0.06347405 -0.99660382 -6.2409794 ] [0.00856871 0.99796979 0.06311002 0.30173545] [ 0.99858635 -0.00522896 -0.05289571  3.04561277] [0. 0. 0. 1.]
58;[-0.03877601  0.06395008 -0.99719948 -5.9257916 ] [0.01081948 0.99791838 0.06357547 0.28132449] [ 0.99918935 -0.00832398 -0.0393872   3.06680746] [0. 0. 0. 1.];[-0.06329509  0.0642799  -0.9959226  -6.58185544] [0.00849804 0.99792212 0.06386887 0.31622453] [ 0.99795867 -0.0044208  -0.06370982  3.02188006] [0. 0. 0. 1.]
59;[-0.06354306  0.06427901 -0.99590687 -6.58492366] [0.00768983 0.99792548 0.06391865 0.31679562] [ 0.99794947 -0.00359677 -0.06390553  3.01867332] [0. 0. 0. 1.];[-0.07079217  0.06500748 -0.99537053 -6.92847381] [0.0086594  0.99787656 0.06455528 0.33893062] [ 0.9974535  -0.0040493  -0.07120477  2.99973238] [0. 0. 0. 1.]
60;[-0.06354306  0.06427901 -0.99590687 -6.58492366] [0.00768983 0.99792548 0.06391865 0.31679562] [ 0.99794947 -0.00359677 -0.06390553  3.01867332] [0. 0. 0. 1.];[-0.0751577   0.06802604 -0.99484862 -7.26304507] [0.00874782 0.99767696 0.06755857 0.34614363] [ 0.99713329 -0.00362521 -0.07557819  2.96371827] [0. 0. 0. 1.]
61;[-0.07464353  0.06783218 -0.99490057 -7.25919359] [0.00889314 0.99768943 0.0673551  0.34769719] [ 0.99717063 -0.00382016 -0.0750743   2.95890577] [0. 0. 0. 1.];[-0.07777828  0.06977251 -0.99452619 -7.60516086] [0.00973943 0.99755365 0.06922322 0.37804486] [ 0.99692311 -0.00430205 -0.07826755  2.93676379] [0. 0. 0. 1.]
62;[-0.07464353  0.06783218 -0.99490057 -7.25919359] [0.00889314 0.99768943 0.0673551  0.34769719] [ 0.99717063 -0.00382016 -0.0750743   2.95890577] [0. 0. 0. 1.];[-0.07951412  0.07177677 -0.99424625 -7.96479952] [0.00837596 0.99741719 0.07133583 0.39237136] [ 9.96798549e-01 -2.65556583e-03 -7.99099479e-02  2.90282598e+00] [0. 0. 0. 1.]
63;[-0.07993379  0.07166312 -0.99422079 -7.97225027] [0.00862337 0.99742473 0.07120075 0.3946423 ] [ 9.96762874e-01 -2.88218907e-03 -8.03459151e-02  2.90913094e+00] [0. 0. 0. 1.];[-0.08177612  0.07102418 -0.99411681 -8.31997381] [0.00740663 0.99747333 0.07065471 0.41358578] [ 9.96623203e-01 -1.58518750e-03 -8.20955482e-02  2.87843031e+00] [0. 0. 0. 1.]
64;[-0.07993379  0.07166312 -0.99422079 -7.97225027] [0.00862337 0.99742473 0.07120075 0.3946423 ] [ 9.96762874e-01 -2.88218907e-03 -8.03459151e-02  2.90913094e+00] [0. 0. 0. 1.];[-0.08427547  0.06958905 -0.99400956 -8.69590177] [0.00813057 0.9975732  0.0691492  0.44326613] [ 9.96409323e-01 -2.25428061e-03 -8.46367473e-02  2.85105511e+00] [0. 0. 0. 1.]
65;[-0.08427547  0.06958905 -0.99400956 -8.69590177] [0.00813057 0.9975732  0.0691492  0.44326613] [ 9.96409323e-01 -2.25428061e-03 -8.46367473e-02  2.85105511e+00] [0. 0. 0. 1.];[-0.08659379  0.06830073 -0.99389966 -9.06028887] [0.00833412 0.99766187 0.06783316 0.46321713] [ 9.96208843e-01 -2.40935324e-03 -8.69605451e-02  2.82013147e+00] [0. 0. 0. 1.]
66;[-0.08415077  0.06979283 -0.99400584 -8.69445441] [0.00855298 0.99755794 0.06931816 0.44156064] [ 9.96416326e-01 -2.66853985e-03 -8.45422011e-02  2.84993059e+00] [0. 0. 0. 1.];[-0.08697447  0.06752035 -0.99391974 -9.43216514] [0.0076867  0.99771627 0.06710562 0.48791274] [ 9.96180885e-01 -1.80348736e-03 -8.72948572e-02  2.78031032e+00] [0. 0. 0. 1.]
67;[-0.08745483  0.06758364 -0.99387328 -9.4324123 ] [0.0083271  0.99771071 0.06711185 0.48672583] [ 9.96133682e-01 -2.40682989e-03 -8.78173998e-02  2.78816418e+00] [0. 0. 0. 1.];[-0.08692551  0.06878219 -0.9938375  -9.81013116] [0.00702389 0.99763117 0.0684304  0.51661006] [ 9.96190053e-01 -1.03225647e-03 -8.72027129e-02  2.74743639e+00] [0. 0. 0. 1.]
68;[-0.08745483  0.06758364 -0.99387328 -9.4324123 ] [0.0083271  0.99771071 0.06711185 0.48672583] [ 9.96133682e-01 -2.40682989e-03 -8.78173998e-02  2.78816418e+00] [0. 0. 0. 1.];[ -0.08729837   0.07168288  -0.9935998  -10.21198502] [0.00630832 0.99742747 0.07140477 0.53431239] [ 9.96162236e-01 -3.44249219e-05 -8.75259896e-02  2.71717468e+00] [0. 0. 0. 1.]
69;[ -0.08705912   0.07157129  -0.99362883 -10.21071031] [0.00599803 0.99743546 0.07131995 0.53568652] [ 9.96185089e-01  2.49232646e-04 -8.72651444e-02  2.71568950e+00] [0. 0. 0. 1.];[ -0.08575666   0.07277139  -0.99365493 -10.59883377] [0.00454883 0.99734718 0.07264922 0.55335811] [ 9.96305728e-01  1.71019198e-03 -8.58601919e-02  2.66744464e+00] [0. 0. 0. 1.]
70;[ -0.08705912   0.07157129  -0.99362883 -10.21071031] [0.00599803 0.99743546 0.07131995 0.53568652] [ 9.96185089e-01  2.49232646e-04 -8.72651444e-02  2.71568950e+00] [0. 0. 0. 1.];[ -0.08659735   0.06999132  -0.99378172 -10.99400208] [0.00344286 0.99754412 0.06995629 0.58025937] [ 9.96237444e-01  2.63657397e-03 -8.66256469e-02  2.64749498e+00] [0. 0. 0. 1.]
71;[ -0.08696107   0.07014287  -0.99373928 -11.00793416] [0.00364472 0.99753389 0.07009177 0.57964176] [ 9.96205043e-01  2.47335185e-03 -8.70022668e-02  2.65364436e+00] [0. 0. 0. 1.];[ -0.08647886   0.0664552   -0.99403476 -11.38773604] [0.00421895 0.99778822 0.06633909 0.59925636] [ 9.96244752e-01  1.54314683e-03 -8.65679607e-02  2.61452526e+00] [0. 0. 0. 1.]
72;[ -0.08696107   0.07014287  -0.99373928 -11.00793416] [0.00364472 0.99753389 0.07009177 0.57964176] [ 9.96205043e-01  2.47335185e-03 -8.70022668e-02  2.65364436e+00] [0. 0. 0. 1.];[ -0.08665643   0.06357204  -0.99420786 -11.81107203] [0.00636172 0.9979769  0.06325855 0.6254708 ] [ 9.96217944e-01 -8.43117408e-04 -8.68855391e-02  2.58715478e+00] [0. 0. 0. 1.]
73;[ -0.08562631   0.06311552  -0.99432619 -11.82836396] [0.00618393 0.99800593 0.06281656 0.62965697] [ 9.96308132e-01 -7.70092221e-04 -8.58458709e-02  2.58014924e+00] [0. 0. 0. 1.];[ -0.08670103   0.06354972  -0.99420539 -12.23589242] [0.00695516 0.99797764 0.06318431 0.6531357 ] [ 9.96210097e-01 -1.43671486e-03 -8.69676842e-02  2.55867440e+00] [0. 0. 0. 1.]
74;[ -0.08562631   0.06311552  -0.99432619 -11.82836396] [0.00618393 0.99800593 0.06281656 0.62965697] [ 9.96308132e-01 -7.70092221e-04 -8.58458709e-02  2.58014924e+00] [0. 0. 0. 1.];[ -0.08451901   0.06745312  -0.99413611 -12.67756735] [0.00631628 0.99772226 0.06715945 0.67801607] [ 9.96401848e-01 -6.02994867e-04 -8.47525489e-02  2.50853303e+00] [0. 0. 0. 1.]
75;[ -0.08471415   0.06708755  -0.99414424 -12.66706835] [0.00637742 0.99774686 0.06678723 0.68076759] [ 9.96384886e-01 -6.82248807e-04 -8.49511271e-02  2.51481108e+00] [0. 0. 0. 1.];[ -0.08524082   0.07119405  -0.99381357 -13.10683011] [0.0080127  0.99746062 0.07076806 0.70475689] [ 9.96328159e-01 -1.93080343e-03 -8.55948134e-02  2.48048499e+00] [0. 0. 0. 1.]
76;[ -0.08471415   0.06708755  -0.99414424 -12.66706835] [0.00637742 0.99774686 0.06678723 0.68076759] [ 9.96384886e-01 -6.82248807e-04 -8.49511271e-02  2.51481108e+00] [0. 0. 0. 1.];[ -0.08567143   0.07275849  -0.99366323 -13.53045636] [0.00992463 0.9973428  0.07217224 0.73012559] [ 0.99627401 -0.00367865 -0.08616588  2.44739777] [0. 0. 0. 1.]
77;[ -0.0860452    0.07264231  -0.99363943 -13.52349992] [0.00978941 0.99735182 0.07206599 0.72905151] [ 0.99624314 -0.00352621 -0.08652846  2.45056551] [0. 0. 0. 1.];[ -0.08550466   0.07264388  -0.99368598 -13.96907534] [0.01498921 0.99731938 0.07161971 0.75939233] [ 0.99622501 -0.00877075 -0.08636433  2.41165039] [0. 0. 0. 1.]
78;[ -0.0860452    0.07264231  -0.99363943 -13.52349992] [0.00978941 0.99735182 0.07206599 0.72905151] [ 0.99624314 -0.00352621 -0.08652846  2.45056551] [0. 0. 0. 1.];[ -0.08727272   0.07025323  -0.99370416 -14.39346597] [0.01718485 0.99746794 0.06901006 0.79064473] [ 0.99603622 -0.01105396 -0.08825903  2.39168733] [0. 0. 0. 1.]
79;[ -0.08630492   0.07049309  -0.9937717  -14.39758722] [0.01693394 0.99745327 0.0692836  0.78720545] [ 0.99612484 -0.01084895 -0.08727885  2.3813373 ] [0. 0. 0. 1.];[ -0.08754195   0.06680766  -0.99391808 -14.83702893] [0.01797525 0.99769209 0.06547811 0.8187267 ] [ 0.99599864 -0.01213385 -0.0885408   2.34917668] [0. 0. 0. 1.]
80;[ -0.08630492   0.07049309  -0.9937717  -14.39758722] [0.01693394 0.99745327 0.0692836  0.78720545] [ 0.99612484 -0.01084895 -0.08727885  2.3813373 ] [0. 0. 0. 1.];[ -0.08803045   0.06234359  -0.99416493 -15.29141301] [0.01757416 0.9979814  0.06102678 0.84275117] [ 0.99596274 -0.0120994  -0.08894839  2.31059049] [0. 0. 0. 1.]
81;[ -0.08769583   0.06268938  -0.99417276 -15.29099257] [0.0174965  0.99796081 0.06138487 0.84037476] [ 0.99599363 -0.01201134 -0.08861385  2.30784427] [0. 0. 0. 1.];[ -0.08804141   0.0596952   -0.9943265  -15.73401349] [0.0196316  0.99811282 0.05818426 0.86411249] [ 0.99592335 -0.01439759 -0.08904717  2.26590511] [0. 0. 0. 1.]
82;[ -0.08878843   0.06005377  -0.99423848 -15.72123433] [0.01969178 0.99809153 0.05852797 0.86267439] [ 0.99585584 -0.01438172 -0.08980155  2.26849949] [0. 0. 0. 1.];[ -0.08998597   0.05864281  -0.99421504 -16.19104914] [0.02255077 0.99812901 0.05683261 0.88953837] [ 0.9956877  -0.01730618 -0.09114005  2.24751644] [0. 0. 0. 1.]
83;[ -0.08878843   0.06005377  -0.99423848 -15.72123433] [0.01969178 0.99809153 0.05852797 0.86267439] [ 0.99585584 -0.01438172 -0.08980155  2.26849949] [0. 0. 0. 1.];[ -0.0898651    0.05998637  -0.99414581 -16.62412798] [0.02252336 0.99805164 0.05818607 0.90756925] [ 0.99569923 -0.01716261 -0.0910411   2.19488241] [0. 0. 0. 1.]
84;[ -0.09069461   0.06025649  -0.99405415 -16.63884941] [0.02268947 0.99803377 0.0584276  0.90705699] [ 0.99562025 -0.0172555  -0.09188347  2.20438396] [0. 0. 0. 1.];[ -0.09102729   0.06192422  -0.99392124 -17.08162324] [0.02240324 0.99793955 0.0601228  0.93101901] [ 0.99559637 -0.01679424 -0.09222703  2.1637358 ] [0. 0. 0. 1.]
85;[ -0.09069461   0.06025649  -0.99405415 -16.63884941] [0.02268947 0.99803377 0.0584276  0.90705699] [ 0.99562025 -0.0172555  -0.09188347  2.20438396] [0. 0. 0. 1.];[ -0.09216478   0.06370234  -0.99370401 -17.55829039] [0.02372564 0.99780869 0.06176495 0.9525209 ] [ 0.99546107 -0.01788371 -0.0934742   2.13562362] [0. 0. 0. 1.]
86;[ -0.09195453   0.06403055  -0.9937024  -17.54717568] [0.02356692 0.99779084 0.06211317 0.95103119] [ 0.99548429 -0.01770692 -0.09326039  2.12714719] [0. 0. 0. 1.];[ -0.0930965    0.06637036  -0.99344251 -18.01660956] [0.02338733 0.99764623 0.06445955 0.96830134] [ 0.99538238 -0.01723301 -0.0944296   2.10829192] [0. 0. 0. 1.]
87;[ -0.09182456   0.06612186  -0.99357745 -18.00905259] [0.02398699 0.99765027 0.06417607 0.97131279] [ 0.99548625 -0.01793999 -0.09319486  2.08792028] [0. 0. 0. 1.];[ -0.09258761   0.06591319  -0.9935205  -18.47779356] [0.02603687 0.99762561 0.06375912 1.00153736] [ 0.99536406 -0.01996486 -0.09408395  2.06002051] [0. 0. 0. 1.]
88;[ -0.09182456   0.06612186  -0.99357745 -18.00905259] [0.02398699 0.99765027 0.06417607 0.97131279] [ 0.99548625 -0.01793999 -0.09319486  2.08792028] [0. 0. 0. 1.];[ -0.09062301   0.0646538   -0.99378436 -18.95674309] [0.02548051 0.99771426 0.06258591 1.02886993] [ 0.99555925 -0.01965041 -0.09206328  1.99396358] [0. 0. 0. 1.]
89;[ -0.09156306   0.06477571  -0.99369025 -18.94506637] [0.02558358 0.99770571 0.06268008 1.02887335] [ 0.99547059 -0.01968297 -0.09301018  1.99974551] [0. 0. 0. 1.];[ -0.09118336   0.06470855  -0.99372954 -19.42198171] [0.02566407 0.99770788 0.06261271 1.04980302] [ 0.99550337 -0.0197939  -0.09263505  1.95534842] [0. 0. 0. 1.]
90;[ -0.09156306   0.06477571  -0.99369025 -18.94506637] [0.02558358 0.99770571 0.06268008 1.02887335] [ 0.99547059 -0.01968297 -0.09301018  1.99974551] [0. 0. 0. 1.];[ -0.09050542   0.0640578   -0.99383367 -19.89579284] [0.02638681 0.99773311 0.06190618 1.07634034] [ 0.99554633 -0.02062125 -0.09199054  1.90255597] [0. 0. 0. 1.]
91;[ -0.092514     0.06439574  -0.99362687 -19.87385326] [0.02540206 0.99773435 0.06229682 1.07299255] [ 0.99538731 -0.01947684 -0.09394018  1.91707979] [0. 0. 0. 1.];[ -0.09136757   0.06432991  -0.9937372  -20.35636617] [0.02505589 0.99774381 0.06228556 1.10239539] [ 0.99550197 -0.01920809 -0.09277327  1.86875214] [0. 0. 0. 1.]
92;[ -0.092514     0.06439574  -0.99362687 -19.87385326] [0.02540206 0.99773435 0.06229682 1.07299255] [ 0.99538731 -0.01947684 -0.09394018  1.91707979] [0. 0. 0. 1.];[ -0.09372323   0.06396607  -0.99354129 -20.81311506] [0.02839366 0.99769972 0.06155536 1.12219891] [ 0.99519333 -0.0224411  -0.09532387  1.84409334] [0. 0. 0. 1.]
93;[ -0.09473823   0.06363683  -0.99346617 -20.81968321] [0.02895373 0.99770871 0.06114753 1.12524052] [ 0.99508108 -0.02297154 -0.09636368  1.84659466] [0. 0. 0. 1.];[ -0.0940916    0.0599175   -0.99375886 -21.30107436] [0.02949851 0.99791679 0.0573752  1.15919308] [ 0.99512643 -0.02391588 -0.09566306  1.80622179] [0. 0. 0. 1.]
94;[ -0.09473823   0.06363683  -0.99346617 -20.81968321] [0.02895373 0.99770871 0.06114753 1.12524052] [ 0.99508108 -0.02297154 -0.09636368  1.84659466] [0. 0. 0. 1.];[ -0.09580534   0.05908077  -0.99364521 -21.79898566] [0.03032514 0.99794689 0.05641266 1.18502535] [ 0.99493805 -0.0247278  -0.09740027  1.7663705 ] [0. 0. 0. 1.]
95;[ -0.09554986   0.05869443  -0.9936927  -21.79752201] [0.03207361 0.9979233  0.05586024 1.18439198] [ 0.99490779 -0.02653387 -0.09723397  1.76454319] [0. 0. 0. 1.];[ -0.09757715   0.05972256  -0.9934344  -22.27677796] [0.03309092 0.99784061 0.05673719 1.20949317] [ 0.99467768 -0.02733741 -0.09934272  1.73257713] [0. 0. 0. 1.]
96;[ -0.09723261   0.05968573  -0.9934704  -22.28135012] [0.03386443 0.99782059 0.05663272 1.20730281] [ 0.99468539 -0.02813676 -0.09904192  1.72351339] [0. 0. 0. 1.];[ -0.09712795   0.06382605  -0.99322324 -22.74398822] [0.03341696 0.99758807 0.06083868 1.2426446 ] [ 0.99471075 -0.02728137 -0.09902656  1.66306774] [0. 0. 0. 1.]
97;[ -0.09723261   0.05968573  -0.9934704  -22.28135012] [0.03386443 0.99782059 0.05663272 1.20730281] [ 0.99468539 -0.02813676 -0.09904192  1.72351339] [0. 0. 0. 1.];[ -0.10010186   0.06675138  -0.99273555 -23.2631838 ] [0.03605547 0.99733508 0.06342502 1.26750533] [ 0.9943237  -0.02944458 -0.10224185  1.64118892] [0. 0. 0. 1.]
98;[ -0.09950631   0.06746747  -0.99274701 -23.24485035] [0.03681165 0.99726528 0.06408478 1.26146472] [ 0.99435577 -0.03016782 -0.10171777  1.62811376] [0. 0. 0. 1.];[ -0.09944403   0.06564779  -0.99287524 -23.71891576] [0.0326332  0.9974997  0.06268509 1.30724103] [ 0.9945079  -0.02616704 -0.10133769  1.56054951] [0. 0. 0. 1.]
99;[ -0.09941765   0.06692766  -0.99279244 -23.70338664] [0.03521431 0.99734708 0.06370836 1.29273643] [ 0.99442249 -0.02862676 -0.10151071  1.5563084 ] [0. 0. 0. 1.];[ -0.10158597   0.06637796  -0.99260982 -24.20379432] [0.03376975 0.99742659 0.063244   1.31122566] [ 0.99425344 -0.02709548 -0.10356611  1.52344642] [0. 0. 0. 1.]
100;[ -0.09941765   0.06692766  -0.99279244 -23.70338664] [0.03521431 0.99734708 0.06370836 1.29273643] [ 0.99442249 -0.02862676 -0.10151071  1.5563084 ] [0. 0. 0. 1.];[ -0.10334892   0.06549245  -0.99248664 -24.69583017] [0.03297813 0.99750688 0.06238967 1.33327188] [ 0.99409831 -0.02628244 -0.10525108  1.47205568] [0. 0. 0. 1.]
101;[ -0.10396627   0.06533415  -0.9924326  -24.71781285] [0.03267058 0.99752592 0.06224692 1.33575704] [ 0.99404409 -0.02595176 -0.10584356  1.4799    ] [0. 0. 0. 1.];[ -0.10471179   0.06569256  -0.99233055 -25.18319132] [0.03159367 0.99753204 0.0627031  1.36034341] [ 0.99400064 -0.02478561 -0.10652883  1.41773571] [0. 0. 0. 1.]
102;[ -0.10516313   0.06578764  -0.99227652 -25.2125366 ] [0.0315993  0.99752659 0.06278678 1.36112674] [ 0.99395282 -0.02475239 -0.10698187  1.4244863 ] [0. 0. 0. 1.];[ -0.10619604   0.06707554  -0.99208028 -25.68079997] [0.0308226  0.99746479 0.06414022 1.3902096 ] [ 0.99386738 -0.02376706 -0.10799425  1.36924492] [0. 0. 0. 1.]
103;[ -0.10634531   0.06730394  -0.99204882 -25.70677093] [0.03169027 0.99742912 0.06427183 1.38767244] [ 0.99382413 -0.02460328 -0.10820479  1.37206471] [0. 0. 0. 1.];[ -0.10767674   0.06878968  -0.99180326 -26.19527832] [0.0284958  0.99740704 0.06608466 1.41260835] [ 0.9937775  -0.02114645 -0.10935775  1.31336613] [0. 0. 0. 1.]
104;[ -0.10634531   0.06730394  -0.99204882 -25.70677093] [0.03169027 0.99742912 0.06427183 1.38767244] [ 0.99382413 -0.02460328 -0.10820479  1.37206471] [0. 0. 0. 1.];[ -0.1088037    0.0690011   -0.99166557 -26.69440203] [0.02752478 0.99741462 0.06638116 1.43681051] [ 0.99368211 -0.02007286 -0.11042164  1.25529623] [0. 0. 0. 1.]
105;[ -0.1090958    0.06851666  -0.99166707 -26.70650814] [0.02697364 0.99745832 0.06594936 1.44181927] [ 0.9936652  -0.01955407 -0.11066665  1.2629979 ] [0. 0. 0. 1.];[ -0.11056262   0.0680305   -0.99153808 -27.20128785] [0.02676189 0.99749657 0.06545521 1.46476272] [ 0.99350879 -0.01929854 -0.11210646  1.20312626] [0. 0. 0. 1.]
106;[ -0.11020425   0.06778833  -0.99159456 -27.20480599] [0.02632104 0.99752056 0.06526817 1.46673734] [ 0.99356038 -0.01890697 -0.11171526  1.2049755 ] [0. 0. 0. 1.];[ -0.11176663   0.06720865  -0.99145914 -27.70460413] [0.02715699 0.99754425 0.06455975 1.49609661] [ 0.99336334 -0.01970942 -0.11331735  1.15089635] [0. 0. 0. 1.]
107;[ -0.11020425   0.06778833  -0.99159456 -27.20480599] [0.02632104 0.99752056 0.06526817 1.46673734] [ 0.99356038 -0.01890697 -0.11171526  1.2049755 ] [0. 0. 0. 1.];[ -0.11210143   0.06715057  -0.99142527 -28.18851281] [0.02755422 0.99754051 0.06444918 1.52216049] [ 0.99331467 -0.02009311 -0.113676    1.08336884] [0. 0. 0. 1.]
108;[ -0.11218908   0.0669553   -0.99142856 -28.19092851] [0.02753228 0.99755374 0.06425344 1.52469972] [ 0.99330538 -0.02008775 -0.11375807  1.09037077] [0. 0. 0. 1.];[ -0.11351545   0.06822595  -0.99119093 -28.70423721] [0.02835263 0.99745559 0.0654101  1.54786882] [ 0.9931316  -0.02067781 -0.11516101  1.03273784] [0. 0. 0. 1.]
109;[ -0.11218908   0.0669553   -0.99142856 -28.19092851] [0.02753228 0.99755374 0.06425344 1.52469972] [ 0.99330538 -0.02008775 -0.11375807  1.09037077] [0. 0. 0. 1.];[ -0.11500155   0.0679187   -0.99104071 -29.20225637] [0.02730574 0.99749903 0.06519271 1.5812618 ] [ 0.99298995 -0.01956384 -0.1165685   0.98408066] [0. 0. 0. 1.]
110;[ -0.11525981   0.06838463  -0.99097867 -29.2053814 ] [0.02752314 0.99746431 0.065631   1.57503039] [ 0.992954   -0.01971023 -0.11684971  0.98835556] [0. 0. 0. 1.];[ -0.11607747   0.06852732  -0.99087337 -29.69915341] [0.02663219 0.99747315 0.06586387 1.60427005] [ 0.99288305 -0.01874382 -0.11760919  0.93002381] [0. 0. 0. 1.]
111;[ -0.11525981   0.06838463  -0.99097867 -29.2053814 ] [0.02752314 0.99746431 0.065631   1.57503039] [ 0.992954   -0.01971023 -0.11684971  0.98835556] [0. 0. 0. 1.];[ -0.11687748   0.0692436   -0.99072952 -30.20239274] [0.0246941  0.9974607  0.06680086 1.62832187] [ 0.99283929 -0.01665766 -0.1182906   0.8711018 ] [0. 0. 0. 1.]
112;[ -0.11687748   0.0692436   -0.99072952 -30.20239274] [0.0246941  0.9974607  0.06680086 1.62832187] [ 0.99283929 -0.01665766 -0.1182906   0.8711018 ] [0. 0. 0. 1.];[ -0.11690426   0.0696856   -0.99069537 -30.69395205] [0.02010962 0.99749686 0.06779104 1.65911461] [ 0.99293957 -0.01199745 -0.11801298  0.81278825] [0. 0. 0. 1.]
113;[ -0.11731905   0.06919346  -0.99068083 -30.19902643] [0.02467119 0.99746496 0.06674566 1.62774531] [ 0.99278778 -0.01661074 -0.11872873  0.8786298 ] [0. 0. 0. 1.];[ -0.11728148   0.07261836  -0.99044012 -31.19989212] [0.01745892 0.99731957 0.07105539 1.68054761] [ 0.99294524 -0.00895854 -0.11823495  0.75991876] [0. 0. 0. 1.]
114;[ -0.11728148   0.07261836  -0.99044012 -31.19989212] [0.01745892 0.99731957 0.07105539 1.68054761] [ 0.99294524 -0.00895854 -0.11823495  0.75991876] [0. 0. 0. 1.];[ -0.11637589   0.07419795  -0.99042986 -31.70653057] [0.01374348 0.99723046 0.07309256 1.71038271] [ 0.99311015 -0.00510574 -0.11707332  0.70516523] [0. 0. 0. 1.]
115;[ -0.1169521    0.07197095  -0.99052632 -31.18405731] [0.01637284 0.9973749  0.07053542 1.6845327 ] [ 0.99300259 -0.00796846 -0.11782345  0.75810064] [0. 0. 0. 1.];[ -0.1129582    0.07550217  -0.99072694 -32.17176254] [0.01352372 0.99713316 0.07444846 1.74199235] [ 0.9935077  -0.00498875 -0.11365543  0.63472241] [0. 0. 0. 1.]
116;[ -0.11328722   0.07558683  -0.99068291 -32.16968989] [0.01389764 0.99712498 0.07448912 1.74274943] [ 0.99346508 -0.00532949 -0.114012    0.65469656] [0. 0. 0. 1.];[ -0.11117691   0.07742126  -0.99078032 -32.67719458] [0.01539575 0.99697538 0.07617778 1.75868918] [ 0.99368137 -0.0067846  -0.1120326   0.58753165] [0. 0. 0. 1.]
117;[ -0.11328722   0.07558683  -0.99068291 -32.16968989] [0.01389764 0.99712498 0.07448912 1.74274943] [ 0.99346508 -0.00532949 -0.114012    0.65469656] [0. 0. 0. 1.];[ -0.10939692   0.07567234  -0.99111352 -33.16435334] [0.01628379 0.99710059 0.07433209 1.80332198] [ 0.99386476 -0.00800738 -0.11031196  0.55147265] [0. 0. 0. 1.]
118;[ -0.10939692   0.07567234  -0.99111352 -33.16435334] [0.01628379 0.99710059 0.07433209 1.80332198] [ 0.99386476 -0.00800738 -0.11031196  0.55147265] [0. 0. 0. 1.];[ -0.1087487    0.07284123  -0.99139693 -33.663347  ] [0.01544055 0.99731517 0.07158235 1.83275234] [ 0.99394935 -0.00752322 -0.10958144  0.5049851 ] [0. 0. 0. 1.]
119;[ -0.10934404   0.07532723  -0.99114564 -33.16261976] [0.01561916 0.99713154 0.07405904 1.80633077] [ 0.99388124 -0.00738295 -0.11020694  0.5481276 ] [0. 0. 0. 1.];[ -0.10680999   0.06989993  -0.99181935 -34.14213509] [0.01570363 0.99751992 0.06861055 1.86638933] [ 0.99415543 -0.00824687 -0.10764277  0.44124234] [0. 0. 0. 1.]
120;[ -0.10696191   0.06991416  -0.99180198 -34.15584058] [0.01580207 0.9975182  0.06861291 1.86627238] [ 0.99413754 -0.00833355 -0.10780124  0.44157167] [0. 0. 0. 1.];[ -0.10620057   0.06888987  -0.99195545 -34.64183243] [0.01564748 0.99758939 0.06760589 1.89269872] [ 0.9942216  -0.00834181 -0.10702252  0.3966848 ] [0. 0. 0. 1.]
121;[ -0.10477572   0.06788633  -0.99217614 -35.13921382] [0.01253949 0.9976783  0.0669386  1.92369667] [ 0.99441682 -0.00542784 -0.10538372  0.32850021] [0. 0. 0. 1.];[ -0.10477572   0.06788633  -0.99217614 -35.13921382] [0.01253949 0.9976783  0.0669386  1.92369667] [ 0.99441682 -0.00542784 -0.10538372  0.32850021] [0. 0. 0. 1.]
122;[ -0.10592791   0.06803754  -0.99204343 -35.1656878 ] [0.01302908 0.99766576 0.06703192 1.92538898] [ 0.99428845 -0.00582486 -0.10656711  0.34085179] [0. 0. 0. 1.];[ -0.10435935   0.06785023  -0.99222249 -35.64208867] [0.01092541 0.99768813 0.06707487 1.9503686 ] [ 0.99447964 -0.00384055 -0.10485938  0.28412747] [0. 0. 0. 1.]
123;[ -0.10592791   0.06803754  -0.99204343 -35.1656878 ] [0.01302908 0.99766576 0.06703192 1.92538898] [ 0.99428845 -0.00582486 -0.10656711  0.34085179] [0. 0. 0. 1.];[ -0.10464907   0.06683314  -0.99226101 -36.16430985] [0.01015039 0.99775919 0.06613296 1.98112696] [ 0.99445741 -0.00315109 -0.10509295  0.23698777] [0. 0. 0. 1.]
124;[ -0.1045475    0.06690865  -0.99226662 -36.16079836] [0.01030314 0.99775364 0.06619308 1.97970535] [ 0.99446652 -0.00330314 -0.10500202  0.23261746] [0. 0. 0. 1.];[ -0.10392972   0.06557863  -0.9924203  -36.67916673] [0.00826186 0.99784637 0.06507197 2.00515414] [ 0.99455033 -0.00143633 -0.1042477   0.17856337] [0. 0. 0. 1.]
125;[ -0.1045475    0.06690865  -0.99226662 -36.16079836] [0.01030314 0.99775364 0.06619308 1.97970535] [ 0.99446652 -0.00330314 -0.10500202  0.23261746] [0. 0. 0. 1.];[ -0.10324482   0.0660254   -0.99246217 -37.16593066] [0.01004406 0.99781274 0.06533648 2.03193306] [ 0.99460526 -0.0032227  -0.10368216  0.13443498] [0. 0. 0. 1.]
126;[ -0.10314972   0.06583429  -0.99248475 -37.16794602] [0.01007149 0.99782519 0.06514179 2.03474822] [ 0.99461485 -0.00327644 -0.10358844  0.13004107] [0. 0. 0. 1.];[ -0.10230584   0.06461036  -0.99265252 -37.69811463] [0.0115332  0.99789841 0.06376316 2.06960371] [ 0.99468613 -0.00492511 -0.102836    0.07551037] [0. 0. 0. 1.]
127;[ -0.10314972   0.06583429  -0.99248475 -37.16794602] [0.01007149 0.99782519 0.06514179 2.03474822] [ 0.99461485 -0.00327644 -0.10358844  0.13004107] [0. 0. 0. 1.];[ -0.1018132    0.06439897  -0.9927169  -38.19189691] [0.0144989  0.99789253 0.06324771 2.09618556] [ 0.99469787 -0.00795386 -0.10253235  0.031499  ] [0. 0. 0. 1.]
128;[ -0.10167855   0.06434696  -0.99273407 -38.19467761] [0.01423298 0.99789787 0.06322389 2.09565169] [ 0.99471548 -0.00770105 -0.10238066  0.02771814] [0. 0. 0. 1.];[ -0.10169046   0.0627857   -0.99283282 -38.6938632 ] [0.01569023 0.99798348 0.06150436 2.12851498] [ 0.99469235 -0.00932337 -0.10247052 -0.0062727 ] [0. 0. 0. 1.]
129;[ -0.10167855   0.06434696  -0.99273407 -38.19467761] [0.01423298 0.99789787 0.06322389 2.09565169] [ 0.99471548 -0.00770105 -0.10238066  0.02771814] [0. 0. 0. 1.];[ -0.10057237   0.06238709  -0.99297183 -39.22567726] [0.01797354 0.99798316 0.06088151 2.15515703] [ 0.99476738 -0.01172422 -0.10149085 -0.07760528] [0. 0. 0. 1.]
130;[ -0.10057237   0.06238709  -0.99297183 -39.22567726] [0.01797354 0.99798316 0.06088151 2.15515703] [ 0.99476738 -0.01172422 -0.10149085 -0.07760528] [0. 0. 0. 1.];[ -0.09898131   0.06187331  -0.99316383 -39.74951629] [0.01950844 0.99799387 0.06022995 2.17418038] [ 0.99489805 -0.01341344 -0.0999898  -0.13427398] [0. 0. 0. 1.]
131;[ -0.10093542   0.06254232  -0.99292522 -39.21632781] [0.01778406 0.9979761  0.06105263 2.15054401] [ 0.99473402 -0.01149587 -0.10184339 -0.06764598] [0. 0. 0. 1.];[ -0.09752377   0.06212896  -0.99329205 -40.26799767] [0.01982629 0.99797278 0.06047515 2.21081216] [ 0.99503569 -0.01379553 -0.09855786 -0.19002546] [0. 0. 0. 1.]
