0;;
1;;
2;;
3;;
4;;
5;;
6;;
7;;
8;;
9;;
10;;
11;;
12;[ 0.99999196 -0.00257049  0.00307729  0.02159259] [ 0.00257687  0.99999453 -0.00207246  0.03549172] [-0.00307195  0.00208037  0.99999312  1.76257744] [0. 0. 0. 1.];[ 0.99999196 -0.00257049  0.00307729  0.02159259] [ 0.00257687  0.99999453 -0.00207246  0.03549172] [-0.00307195  0.00208037  0.99999312  1.76257744] [0. 0. 0. 1.]
13;[ 0.99999196 -0.00257049  0.00307729  0.02159259] [ 0.00257687  0.99999453 -0.00207246  0.03549172] [-0.00307195  0.00208037  0.99999312  1.76257744] [0. 0. 0. 1.];[ 0.99996029 -0.0060142   0.0065761  -0.00670949] [ 0.00603131  0.99997847 -0.00258398  0.04372384] [-6.56041837e-03  2.62353854e-03  9.99975039e-01  2.67109113e+00] [0. 0. 0. 1.]
14;[ 0.9999813  -0.00245116  0.00560298  0.01569077] [ 0.00246423  0.99999425 -0.00232805  0.02108111] [-5.59724587e-03  2.34180942e-03  9.99981593e-01  2.66909589e+00] [0. 0. 0. 1.];[ 0.99992217 -0.0064125   0.01070212 -0.05331484] [ 0.00644932  0.99997339 -0.00340927  0.05972585] [-1.06799732e-02  3.47802159e-03  9.99936919e-01  3.57789253e+00] [0. 0. 0. 1.]
15;[ 0.9999813  -0.00245116  0.00560298  0.01569077] [ 0.00246423  0.99999425 -0.00232805  0.02108111] [-5.59724587e-03  2.34180942e-03  9.99981593e-01  2.66909589e+00] [0. 0. 0. 1.];[ 0.99992939 -0.00391827  0.01121894 -0.02036716] [ 0.00394403  0.99998963 -0.00227491  0.02091567] [-1.12099134e-02  2.31899416e-03  9.99934478e-01  4.48125456e+00] [0. 0. 0. 1.]
16;[ 9.99937934e-01 -2.88314870e-03  1.07617614e-02  4.54104331e-04] [ 0.0028998   0.99999462 -0.00153229  0.00134666] [-1.07572857e-02  1.56339694e-03  9.99940917e-01  4.44575466e+00] [0. 0. 0. 1.];[ 0.99989851 -0.00534677  0.01320553 -0.00990105] [ 0.00537243  0.99998375 -0.00190881  0.04270099] [-1.31951045e-02  1.97955791e-03  9.99910981e-01  5.34758463e+00] [0. 0. 0. 1.]
17;[ 0.9999088  -0.00552404  0.0123237   0.00378288] [ 0.00554992  0.99998246 -0.00206659  0.0489873 ] [-1.23120720e-02  2.13480167e-03  9.99921925e-01  5.33133467e+00] [0. 0. 0. 1.];[ 0.99988081 -0.00573143  0.0143356   0.00278476] [ 5.74246924e-03  9.99983246e-01 -7.29162787e-04  5.67687870e-02] [-1.43311816e-02  8.11397628e-04  9.99896974e-01  6.23493689e+00] [0. 0. 0. 1.]
18;[ 0.99989748 -0.00491937  0.01344761  0.01646874] [ 4.92820206e-03  9.99987662e-01 -6.23703033e-04  4.91700985e-02] [-1.34443763e-02  6.89911629e-04  9.99909382e-01  6.20922052e+00] [0. 0. 0. 1.];[ 0.99985449 -0.00481208  0.01636588 -0.01011252] [ 0.00483086  0.99998772 -0.00110854  0.05633172] [-1.63603449e-02  1.18744323e-03  9.99865455e-01  7.14199584e+00] [0. 0. 0. 1.]
19;[ 0.99987282 -0.00529969  0.01504202  0.01947531] [ 5.31275499e-03  9.99985544e-01 -8.29033886e-04  5.74742833e-02] [-1.50374094e-02  9.08843016e-04  9.99886519e-01  7.07639744e+00] [0. 0. 0. 1.];[ 0.99984833 -0.00546746  0.01653554  0.02999921] [ 0.00550832  0.99998188 -0.00242666  0.06564417] [-1.65219731e-02  2.51737201e-03  9.99860334e-01  7.99363347e+00] [0. 0. 0. 1.]
20;[ 0.99987282 -0.00529969  0.01504202  0.01947531] [ 5.31275499e-03  9.99985544e-01 -8.29033886e-04  5.74742833e-02] [-1.50374094e-02  9.08843016e-04  9.99886519e-01  7.07639744e+00] [0. 0. 0. 1.];[ 0.99980496 -0.00258123  0.01957989  0.01749589] [ 0.00267172  0.99998587 -0.00459683  0.05475902] [-1.95677484e-02  4.64824408e-03  9.99797728e-01  8.83198762e+00] [0. 0. 0. 1.]
21;[ 0.99982415 -0.00280274  0.0185422   0.03701485] [ 0.0028824   0.99998673 -0.00427046  0.05303126] [-1.85299855e-02  4.32315895e-03  9.99818959e-01  8.72592368e+00] [0. 0. 0. 1.];[9.99790350e-01 7.72143228e-04 2.04611720e-02 3.43971915e-02] [-6.86762069e-04  9.99991030e-01 -4.17953633e-03  6.06318972e-02] [-2.04642157e-02  4.16460813e-03  9.99781912e-01  9.71180713e+00] [0. 0. 0. 1.]
22;[ 0.99982415 -0.00280274  0.0185422   0.03701485] [ 0.0028824   0.99998673 -0.00427046  0.05303126] [-1.85299855e-02  4.32315895e-03  9.99818959e-01  8.72592368e+00] [0. 0. 0. 1.];[ 0.99977613 -0.00132444  0.02111713  0.06760657] [ 0.00141104  0.99999066 -0.00408641  0.07063531] [-2.11115166e-02  4.11529714e-03  9.99768657e-01  1.04556861e+01] [0. 0. 0. 1.]
23;[ 0.99978482 -0.00113595  0.02071264  0.07071787] [ 0.00120913  0.99999307 -0.00352065  0.06471046] [-2.07085010e-02  3.54493208e-03  9.99779271e-01  1.03364014e+01] [0. 0. 0. 1.];[ 0.99974175 -0.00160683  0.02266835  0.07430802] [ 0.00170466  0.99998932 -0.00429692  0.06247966] [-2.26612037e-02  4.33445040e-03  9.99733806e-01  1.12960543e+01] [0. 0. 0. 1.]
24;[ 0.99978482 -0.00113595  0.02071264  0.07071787] [ 0.00120913  0.99999307 -0.00352065  0.06471046] [-2.07085010e-02  3.54493208e-03  9.99779271e-01  1.03364014e+01] [0. 0. 0. 1.];[ 9.99720636e-01 -7.81275426e-04  2.36228561e-02  8.33953239e-02] [ 9.35053107e-04  9.99978442e-01 -6.49935398e-03  5.96254306e-02] [-2.36172691e-02  6.51962692e-03  9.99699814e-01  1.20264807e+01] [0. 0. 0. 1.]
25;[ 9.99720636e-01 -7.81275426e-04  2.36228561e-02  8.33953239e-02] [ 9.35053107e-04  9.99978442e-01 -6.49935398e-03  5.96254306e-02] [-2.36172691e-02  6.51962692e-03  9.99699814e-01  1.20264807e+01] [0. 0. 0. 1.];[9.99691291e-01 2.63441049e-04 2.48445938e-02 8.47459699e-02] [-6.86664053e-05  9.99969262e-01 -7.84024668e-03  5.33885800e-02] [-2.48458956e-02  7.83612033e-03  9.99660581e-01  1.28606164e+01] [0. 0. 0. 1.]
26;[ 9.99736605e-01 -3.65860406e-05  2.29503679e-02  9.56978689e-02] [ 1.71700285e-04  9.99982667e-01 -5.88529363e-03  4.82956670e-02] [-2.29497548e-02  5.88768406e-03  9.99719283e-01  1.19266017e+01] [0. 0. 0. 1.];[ 9.99708217e-01 -4.09882935e-04  2.41518884e-02  1.19918051e-01] [ 5.43620432e-04  9.99984556e-01 -5.53104609e-03  4.12419857e-02] [-2.41492483e-02  5.54256168e-03  9.99693000e-01  1.35645609e+01] [0. 0. 0. 1.]
27;[ 9.99733043e-01 -4.33114725e-04  2.31009619e-02  1.36840081e-01] [ 5.59126596e-04  9.99985000e-01 -5.44865209e-03  3.83180385e-02] [-2.30982555e-02  5.46011390e-03  9.99718289e-01  1.35124918e+01] [0. 0. 0. 1.];[ 0.99972923 -0.0011328   0.02324184  0.14956165] [ 0.00119615  0.99999561 -0.00271216  0.04297588] [-2.32386667e-02  2.73923131e-03  9.99726193e-01  1.43942533e+01] [0. 0. 0. 1.]
28;[ 9.99733043e-01 -4.33114725e-04  2.31009619e-02  1.36840081e-01] [ 5.59126596e-04  9.99985000e-01 -5.44865209e-03  3.83180385e-02] [-2.30982555e-02  5.46011390e-03  9.99718289e-01  1.35124918e+01] [0. 0. 0. 1.];[9.99762034e-01 1.68427759e-04 2.18139178e-02 1.67732214e-01] [-1.48085084e-04  9.99999553e-01 -9.34166859e-04  3.35068796e-02] [-2.18140654e-02  9.30714243e-04  9.99761612e-01  1.51525521e+01] [0. 0. 0. 1.]
29;[9.99776176e-01 1.62830463e-04 2.11558838e-02 1.83361420e-01] [-1.53627910e-04  9.99999893e-01 -4.36612400e-04  3.37698039e-02] [-2.11559526e-02  4.33264541e-04  9.99776094e-01  1.50994249e+01] [0. 0. 0. 1.];[0.99977904 0.00118701 0.02098741 0.18667321] [-0.00114987  0.99999775 -0.00178179  0.03736228] [-2.09894748e-02  1.75726334e-03  9.99778152e-01  1.59744253e+01] [0. 0. 0. 1.]
30;[9.99776176e-01 1.62830463e-04 2.11558838e-02 1.83361420e-01] [-1.53627910e-04  9.99999893e-01 -4.36612400e-04  3.37698039e-02] [-2.11559526e-02  4.33264541e-04  9.99776094e-01  1.50994249e+01] [0. 0. 0. 1.];[0.99979018 0.00394489 0.02010046 0.19185059] [-0.00388175  0.99998741 -0.00317893  0.02279634] [-2.01127447e-02  3.10023399e-03  9.99792912e-01  1.67148727e+01] [0. 0. 0. 1.]
31;[0.99980701 0.0036475  0.0193037  0.20726041] [-0.00359006  0.99998903 -0.0030092   0.02294051] [-1.93144613e-02  2.93931443e-03  9.99809138e-01  1.66445692e+01] [0. 0. 0. 1.];[0.9998283  0.00373029 0.01815089 0.21765356] [-0.00366898  0.99998745 -0.00341026  0.03130933] [-1.81633823e-02  3.34308156e-03  9.99829443e-01  1.75329763e+01] [0. 0. 0. 1.]
32;[0.99980701 0.0036475  0.0193037  0.20726041] [-0.00359006  0.99998903 -0.0030092   0.02294051] [-1.93144613e-02  2.93931443e-03  9.99809138e-01  1.66445692e+01] [0. 0. 0. 1.];[0.9998445  0.00664192 0.0163359  0.24042892] [-0.00659281  0.99997359 -0.00305852  0.01684518] [-1.63557818e-02  2.95034711e-03  9.99861882e-01  1.82380425e+01] [0. 0. 0. 1.]
33;[0.99985197 0.0067409  0.01583036 0.24478935] [-0.00669092  0.99997247 -0.00320818  0.02389444] [-1.58515536e-02  3.10178700e-03  9.99869545e-01  1.81663685e+01] [0. 0. 0. 1.];[0.99984212 0.01009857 0.01462029 0.254642  ] [-0.01006039  0.99994579 -0.00268258  0.00881359] [-1.46465852e-02  2.53507434e-03  9.99889519e-01  1.90203606e+01] [0. 0. 0. 1.]
34;[0.99985197 0.0067409  0.01583036 0.24478935] [-0.00669092  0.99997247 -0.00320818  0.02389444] [-1.58515536e-02  3.10178700e-03  9.99869545e-01  1.81663685e+01] [0. 0. 0. 1.];[0.99988211 0.00944872 0.01210288 0.28781199] [-0.00940733  0.99994972 -0.00347287  0.02685118] [-1.21350882e-02  3.35860669e-03  9.99920727e-01  1.97271816e+01] [0. 0. 0. 1.]
35;[0.99989328 0.00923753 0.01131797 0.30268543] [-0.00919981  0.99995197 -0.00338016  0.02822996] [-1.13486533e-02  3.27567168e-03  9.99930237e-01  1.96926839e+01] [0. 0. 0. 1.];[0.99987453 0.01158582 0.01080274 0.29382156] [-0.01156832  0.99993167 -0.00168053  0.02188611] [-1.08214719e-02  1.55534964e-03  9.99940237e-01  2.04972985e+01] [0. 0. 0. 1.]
36;[0.99988503 0.01342645 0.00704677 0.35448998] [-1.34317310e-02  9.99909544e-01  7.01943797e-04  1.79283861e-02] [-7.03670310e-03 -7.96513348e-04  9.99974925e-01  2.12381293e+01] [0. 0. 0. 1.];[0.99988503 0.01342645 0.00704677 0.35448998] [-1.34317310e-02  9.99909544e-01  7.01943797e-04  1.79283861e-02] [-7.03670310e-03 -7.96513348e-04  9.99974925e-01  2.12381293e+01] [0. 0. 0. 1.]
37;[0.9998884  0.01279251 0.00771634 0.33960815] [-1.27980972e-02  9.99917874e-01  6.74507474e-04  2.06971181e-02] [-7.70707796e-03 -7.73186672e-04  9.99970001e-01  2.12835453e+01] [0. 0. 0. 1.];[0.99985306 0.01630027 0.00530578 0.37315386] [-0.01631751  0.99986167  0.00322327  0.00567535] [-5.25250347e-03 -3.30937709e-03  9.99980729e-01  2.19882898e+01] [0. 0. 0. 1.]
38;[0.9998884  0.01279251 0.00771634 0.33960815] [-1.27980972e-02  9.99917874e-01  6.74507474e-04  2.06971181e-02] [-7.70707796e-03 -7.73186672e-04  9.99970001e-01  2.12835453e+01] [0. 0. 0. 1.];[0.99984559 0.01701252 0.00440082 0.36856861] [-0.01702418  0.99985163  0.00262447  0.01732659] [-4.35552025e-03 -2.69898343e-03  9.99986872e-01  2.28213458e+01] [0. 0. 0. 1.]
39;[0.99984559 0.01701252 0.00440082 0.36856861] [-0.01702418  0.99985163  0.00262447  0.01732659] [-4.35552025e-03 -2.69898343e-03  9.99986872e-01  2.28213458e+01] [0. 0. 0. 1.];[0.99983258 0.01819444 0.00194232 0.38860582] [-0.01819798  0.99983275  0.00181756  0.02390456] [-1.90892283e-03 -1.85259735e-03  9.99996462e-01  2.35911104e+01] [0. 0. 0. 1.]
40;[0.99984981 0.01655928 0.00511323 0.34410359] [-0.01657277  0.99985927  0.00260585  0.02445783] [-5.06935829e-03 -2.69019424e-03  9.99983532e-01  2.28380174e+01] [0. 0. 0. 1.];[0.99983124 0.01833227 0.00119474 0.35774508] [-0.0183343   0.99983045  0.00170757  0.02330102] [-1.16323774e-03 -1.72918890e-03  9.99997828e-01  2.43727206e+01] [0. 0. 0. 1.]
41;[0.99982737 0.0184551  0.00215621 0.31997354] [-0.01845824  0.99982859  0.00144335  0.02795147] [-2.12920724e-03 -1.48289870e-03  9.99996634e-01  2.43750381e+01] [0. 0. 0. 1.];[ 0.99983891  0.01789482 -0.00139265  0.34723565] [-0.0178931   0.99983914  0.00123814  0.03405257] [ 1.41457880e-03 -1.21302266e-03  9.99998264e-01  2.51470547e+01] [0. 0. 0. 1.]
42;[0.99982737 0.0184551  0.00215621 0.31997354] [-0.01845824  0.99982859  0.00144335  0.02795147] [-2.12920724e-03 -1.48289870e-03  9.99996634e-01  2.43750381e+01] [0. 0. 0. 1.];[ 0.99978166  0.02006405 -0.00583679  0.36381172] [-0.02004594  0.99979411  0.00314633  0.01218312] [ 5.89871999e-03 -3.02864049e-03  9.99978016e-01  2.58689891e+01] [0. 0. 0. 1.]
43;[ 0.99980794  0.01933532 -0.0031976   0.30898702] [-0.01932635  0.99980927  0.00281363  0.02161314] [ 3.25139612e-03 -2.75129136e-03  9.99990929e-01  2.58913925e+01] [0. 0. 0. 1.];[ 0.99978798  0.01828968 -0.0094594   0.36303114] [-0.01824727  0.99982315  0.00455048  0.0233859 ] [ 9.54094906e-03 -4.37690492e-03  9.99944905e-01  2.66055310e+01] [0. 0. 0. 1.]
44;[ 0.99980794  0.01933532 -0.0031976   0.30898702] [-0.01932635  0.99980927  0.00281363  0.02161314] [ 3.25139612e-03 -2.75129136e-03  9.99990929e-01  2.58913925e+01] [0. 0. 0. 1.];[ 0.99974308  0.01975595 -0.01111229  0.30803207] [-0.01968986  0.99978797  0.00602623  0.01453691] [ 1.12289839e-02 -5.80588251e-03  9.99920098e-01  2.73656401e+01] [0. 0. 0. 1.]
45;[ 0.99977012  0.01931991 -0.00929769  0.28188579] [-0.01926738  0.99979808  0.0057061   0.02583607] [ 9.40605710e-03 -5.52564219e-03  9.99940495e-01  2.73668912e+01] [0. 0. 0. 1.];[ 0.99969127  0.02037084 -0.01422658  0.28200284] [-0.02028484  0.99977524  0.00616333  0.01982004] [ 1.43489350e-02 -5.87283898e-03  9.99879802e-01  2.80909553e+01] [0. 0. 0. 1.]
46;[ 0.99977012  0.01931991 -0.00929769  0.28188579] [-0.01926738  0.99979808  0.0057061   0.02583607] [ 9.40605710e-03 -5.52564219e-03  9.99940495e-01  2.73668912e+01] [0. 0. 0. 1.];[ 0.99961942  0.02104235 -0.01783885  0.26402516] [-0.02095935  0.99976867  0.00482734  0.0370791 ] [ 1.79363034e-02 -4.45161580e-03  9.99829221e-01  2.88068816e+01] [0. 0. 0. 1.]
47;[ 0.99962879  0.02101294 -0.01734157  0.2557462 ] [-0.02093551  0.99977009  0.00463427  0.04048911] [ 1.74349667e-02 -4.26949641e-03  9.99838884e-01  2.88004344e+01] [0. 0. 0. 1.];[ 0.99949702  0.02287109 -0.02196856  0.24846711] [-0.02278541  0.9997318   0.0041423   0.0413725 ] [ 2.20574023e-02 -3.63965539e-03  9.99750081e-01  2.95096132e+01] [0. 0. 0. 1.]
48;[ 0.99962879  0.02101294 -0.01734157  0.2557462 ] [-0.02093551  0.99977009  0.00463427  0.04048911] [ 1.74349667e-02 -4.26949641e-03  9.99838884e-01  2.88004344e+01] [0. 0. 0. 1.];[ 0.99941184  0.02404616 -0.02444885  0.19904827] [-0.02397668  0.99970761  0.00313119  0.05417503] [ 2.45169994e-02 -2.54314735e-03  9.99696178e-01  3.02155269e+01] [0. 0. 0. 1.]
49;[ 0.99942285  0.02439148 -0.02364378  0.1847356 ] [-0.02431566  0.99969824  0.00348875  0.0480907 ] [ 2.37217449e-02 -2.91182107e-03  9.99714359e-01  3.02196824e+01] [0. 0. 0. 1.];[ 0.99929303  0.02587209 -0.02727783  0.16311418] [-0.02580938  0.99966337  0.00264865  0.05901104] [ 2.73371754e-02 -1.94275135e-03  9.99624382e-01  3.09147169e+01] [0. 0. 0. 1.]
50;[ 0.99942285  0.02439148 -0.02364378  0.1847356 ] [-0.02431566  0.99969824  0.00348875  0.0480907 ] [ 2.37217449e-02 -2.91182107e-03  9.99714359e-01  3.02196824e+01] [0. 0. 0. 1.];[ 0.99922834  0.02628794 -0.02918322  0.13199527] [-0.02621841  0.99965242  0.00276274  0.04925196] [ 2.92457044e-02 -1.99546920e-03  9.99570261e-01  3.16032882e+01] [0. 0. 0. 1.]
51;[ 0.99923921  0.0265892  -0.02853103  0.12972524] [-0.02651019  0.9996436   0.00314406  0.04787007] [ 2.86044548e-02 -2.38530354e-03  9.99587963e-01  3.15890063e+01] [0. 0. 0. 1.];[ 0.99908535  0.03032154 -0.03015063  0.08719657] [-0.0302708   0.99953945  0.00213786  0.05265619] [ 3.02015707e-02 -1.22322172e-03  9.99543080e-01  3.22762821e+01] [0. 0. 0. 1.]
52;[ 0.99923921  0.0265892  -0.02853103  0.12972524] [-0.02651019  0.9996436   0.00314406  0.04787007] [ 2.86044548e-02 -2.38530354e-03  9.99587963e-01  3.15890063e+01] [0. 0. 0. 1.];[ 0.99902826  0.03050362 -0.03181307  0.07518801] [-0.03048189  0.99953464  0.00116784  0.05270435] [ 3.18338854e-02 -1.96987685e-04  9.99493154e-01  3.29303583e+01] [0. 0. 0. 1.]
53;[ 0.99901701  0.03067082 -0.03200492  0.08203858] [-0.0306505   0.99952953  0.00112552  0.05556076] [ 3.20243863e-02 -1.43447560e-04  9.99487078e-01  3.28980090e+01] [0. 0. 0. 1.];[ 0.99896825  0.0320851  -0.03213998  0.04135046] [-3.20996374e-02  9.99484672e-01  6.37391704e-05  6.19121672e-02] [3.21254633e-02 9.68008321e-04 9.99483375e-01 3.35956870e+01] [0. 0. 0. 1.]
54;[ 0.99897537  0.03168782 -0.03231253  0.0446449 ] [-3.17067849e-02  9.99497211e-01 -7.45887263e-05  6.30003151e-02] [3.22939172e-02 1.09903865e-03 9.99477811e-01 3.35660267e+01] [0. 0. 0. 1.];[ 0.99896797  0.03149632 -0.03272576  0.03860394] [-0.03154873  0.99950162 -0.00108611  0.06182933] [3.26752371e-02 2.11744487e-03 9.99463779e-01 3.42368955e+01] [0. 0. 0. 1.]
55;[ 0.99898428  0.03163536 -0.03208746  0.02148687] [-0.03169249  0.99949686 -0.00127328  0.06383592] [3.20310396e-02 2.28891346e-03 9.99484254e-01 3.42173249e+01] [0. 0. 0. 1.];[ 0.99884985  0.03593251 -0.03174645  0.00659601] [-3.59197037e-02  9.99354205e-01  9.73723166e-04  7.13790338e-02] [3.17609367e-02 1.67719843e-04 9.99495480e-01 3.48781416e+01] [0. 0. 0. 1.]
56;[ 0.99885294  0.03625424 -0.03127979  0.00229792] [-0.03623836  0.9993426   0.00107446  0.06942473] [3.12981773e-02 6.03021321e-05 9.99510090e-01 3.48905482e+01] [0. 0. 0. 1.];[ 0.99886602  0.03766741 -0.02911768 -0.01967147] [-0.03757104  0.99928654  0.00385006  0.07531475] [ 2.92419260e-02 -2.75171104e-03  9.99568576e-01  3.55239661e+01] [0. 0. 0. 1.]
57;[ 0.99887552  0.03780372 -0.02861067 -0.02803139] [-0.0377069   0.99928117  0.00391615  0.0764088 ] [ 2.87381498e-02 -2.83292738e-03  9.99582960e-01  3.55279949e+01] [0. 0. 0. 1.];[ 0.99886264  0.03930413 -0.02699299 -0.04230968] [-0.0391184   0.99920737  0.00737482  0.07369508] [ 2.72614531e-02 -6.31050864e-03  9.99608419e-01  3.61628819e+01] [0. 0. 0. 1.]
58;[ 0.99887552  0.03780372 -0.02861067 -0.02803139] [-0.0377069   0.99928117  0.00391615  0.0764088 ] [ 2.87381498e-02 -2.83292738e-03  9.99582960e-01  3.55279949e+01] [0. 0. 0. 1.];[ 0.99892657  0.03917018 -0.02472645 -0.06921545] [-0.03897265  0.99920479  0.00842088  0.07594599] [ 2.50366376e-02 -7.44818127e-03  9.99658787e-01  3.67906913e+01] [0. 0. 0. 1.]
59;[ 0.9989148   0.03962789 -0.0244713  -0.07216112] [-0.03943432  0.99918733  0.00834298  0.07470027] [ 2.47820256e-02 -7.36891701e-03  9.99665719e-01  3.67966143e+01] [0. 0. 0. 1.];[ 0.99891241  0.04135887 -0.02152765 -0.10025574] [-0.04122573  0.99912811  0.00659232  0.09695516] [ 2.17815291e-02 -5.69765889e-03  9.99746519e-01  3.74043011e+01] [0. 0. 0. 1.]
60;[ 0.99890485  0.04148006 -0.02164506 -0.09423567] [-0.04133984  0.99912141  0.0068859   0.08963091] [ 2.19116735e-02 -5.98355092e-03  9.99742005e-01  3.74252477e+01] [0. 0. 0. 1.];[ 0.99885018  0.04383404 -0.01941367 -0.12715854] [-0.04376288  0.99903363  0.00407549  0.10130082] [ 1.95735558e-02 -3.22120132e-03  9.99803231e-01  3.80090110e+01] [0. 0. 0. 1.]
61;[ 0.99886782  0.04349813 -0.01926132 -0.12044013] [-0.04342081  0.99904712  0.0044148   0.09657222] [ 1.94349968e-02 -3.57346019e-03  9.99804737e-01  3.80342772e+01] [0. 0. 0. 1.];[ 0.99885244  0.04490244 -0.01666026 -0.14893026] [-0.04484674  0.99898702  0.00370218  0.10389154] [ 1.68096248e-02 -2.95076805e-03  9.99854354e-01  3.86336491e+01] [0. 0. 0. 1.]
62;[ 0.99886782  0.04349813 -0.01926132 -0.12044013] [-0.04342081  0.99904712  0.0044148   0.09657222] [ 1.94349968e-02 -3.57346019e-03  9.99804737e-01  3.80342772e+01] [0. 0. 0. 1.];[ 0.9988766   0.04458929 -0.0160414  -0.13589941] [-0.04455556  0.99900389  0.00245412  0.12041056] [ 1.61348451e-02 -1.73662671e-03  9.99868317e-01  3.92333699e+01] [0. 0. 0. 1.]
63;[ 0.9988895   0.04446523 -0.01557579 -0.14203779] [-0.04442961  0.99900907  0.002626    0.12327995] [ 1.56771222e-02 -1.93105699e-03  9.99875242e-01  3.92339326e+01] [0. 0. 0. 1.];[ 0.99902538  0.04191804 -0.01382631 -0.15181367] [-0.0418681   0.9991156   0.0038824   0.09675944] [ 1.39768233e-02 -3.29973306e-03  9.99896875e-01  3.98035556e+01] [0. 0. 0. 1.]
64;[ 0.99903373  0.04200618 -0.01292616 -0.1612101 ] [-0.0419631   0.99911272  0.00358682  0.10446354] [ 1.30653628e-02 -3.04093070e-03  9.99910020e-01  3.98243033e+01] [0. 0. 0. 1.];[ 0.99909663  0.04097277 -0.01127677 -0.16308386] [-0.04094875  0.99915848  0.00235332  0.10710618] [ 1.13637015e-02 -1.88942053e-03  9.99933646e-01  4.04387906e+01] [0. 0. 0. 1.]
65;[ 0.99903373  0.04200618 -0.01292616 -0.1612101 ] [-0.0419631   0.99911272  0.00358682  0.10446354] [ 1.30653628e-02 -3.04093070e-03  9.99910020e-01  3.98243033e+01] [0. 0. 0. 1.];[ 0.99919241  0.03923538 -0.00866631 -0.18399306] [-0.03924952  0.99922836 -0.00146744  0.12107334] [8.60204891e-03 1.80640449e-03 9.99961370e-01 4.09647174e+01] [0. 0. 0. 1.]
66;[ 0.99919779  0.03891526 -0.00945406 -0.17484903] [-3.89239193e-02  9.99241908e-01 -7.33575136e-04  1.05804516e-01] [9.41834865e-03 1.10097584e-03 9.99955040e-01 4.09913371e+01] [0. 0. 0. 1.];[ 0.99927519  0.0371681  -0.00822409 -0.16535617] [-0.03721131  0.99929407 -0.0051648   0.11123623] [8.02632250e-03 5.46708221e-03 9.99952843e-01 4.15270344e+01] [0. 0. 0. 1.]
67;[ 0.99919779  0.03891526 -0.00945406 -0.17484903] [-3.89239193e-02  9.99241908e-01 -7.33575136e-04  1.05804516e-01] [9.41834865e-03 1.10097584e-03 9.99955040e-01 4.09913371e+01] [0. 0. 0. 1.];[ 0.99927066  0.03756814 -0.00683927 -0.16653697] [-0.03762717  0.99925383 -0.00871695  0.10870632] [6.50668525e-03 8.96793368e-03 9.99938618e-01 4.21315334e+01] [0. 0. 0. 1.]
68;[ 0.99927066  0.03756814 -0.00683927 -0.16653697] [-0.03762717  0.99925383 -0.00871695  0.10870632] [6.50668525e-03 8.96793368e-03 9.99938618e-01 4.21315334e+01] [0. 0. 0. 1.];[ 0.99942504  0.03379044 -0.00279211 -0.19896864] [-0.03381771  0.99937414 -0.01037697  0.12451005] [2.43971671e-03 1.04654218e-02 9.99942260e-01 4.27258960e+01] [0. 0. 0. 1.]
69;[ 0.99926998  0.03746406 -0.00747986 -0.15870832] [-0.03752949  0.99925671 -0.00880718  0.10979076] [7.14434882e-03 9.08146586e-03 9.99933240e-01 4.21423356e+01] [0. 0. 0. 1.];[ 0.99951069  0.03080801 -0.00540887 -0.13275661] [-0.03084066  0.99950593 -0.0060614   0.0957155 ] [5.21945641e-03 6.22524359e-03 9.99967001e-01 4.32622576e+01] [0. 0. 0. 1.]
70;[ 0.99952627  0.03042532 -0.00464114 -0.15680728] [-0.03045181  0.99951972 -0.00574641  0.09231367] [4.46407890e-03 5.88501782e-03 9.99972719e-01 4.32591744e+01] [0. 0. 0. 1.];[ 0.9996308   0.02673313 -0.00485824 -0.12481175] [-0.02675471  0.9996322  -0.00443259  0.10747606] [4.73795413e-03 4.56093910e-03 9.99978375e-01 4.38263948e+01] [0. 0. 0. 1.]
71;[ 0.99952627  0.03042532 -0.00464114 -0.15680728] [-0.03045181  0.99951972 -0.00574641  0.09231367] [4.46407890e-03 5.88501782e-03 9.99972719e-01 4.32591744e+01] [0. 0. 0. 1.];[ 0.99972505  0.02315997 -0.00366547 -0.15751572] [-0.02316689  0.99972988 -0.00185934  0.08191157] [3.62141321e-03 1.94374455e-03 9.99991554e-01 4.43940650e+01] [0. 0. 0. 1.]
72;[ 0.99972505  0.02315997 -0.00366547 -0.15751572] [-0.02316689  0.99972988 -0.00185934  0.08191157] [3.62141321e-03 1.94374455e-03 9.99991554e-01 4.43940650e+01] [0. 0. 0. 1.];[ 0.99974584  0.0218904  -0.00539146 -0.16199189] [-0.02191055  0.99975306 -0.00370649  0.09994832] [5.30899034e-03 3.82368021e-03 9.99978597e-01 4.49506802e+01] [0. 0. 0. 1.]
73;[ 0.99972708  0.02317263 -0.0029667  -0.17393644] [-0.02317901  0.99972905 -0.00213617  0.08660707] [2.91639255e-03 2.20434917e-03 9.99993318e-01 4.43808505e+01] [0. 0. 0. 1.];[ 0.99981048  0.01730644 -0.00891552 -0.17858627] [-0.01736979  0.99982408 -0.00707874  0.09051558] [8.79144482e-03 7.23226112e-03 9.99935200e-01 4.54740776e+01] [0. 0. 0. 1.]
74;[ 0.99980736  0.01750727 -0.00887342 -0.17957311] [-0.01756901  0.99982165 -0.00692767  0.08783235] [8.75055257e-03 7.08223506e-03 9.99936633e-01 4.54753701e+01] [0. 0. 0. 1.];[ 0.99981391  0.01418946 -0.0130694  -0.19004075] [-0.01431029  0.99985529 -0.00919912  0.087018  ] [1.29369809e-02 9.38443875e-03 9.99872275e-01 4.60134786e+01] [0. 0. 0. 1.]
75;[ 0.99980736  0.01750727 -0.00887342 -0.17957311] [-0.01756901  0.99982165 -0.00692767  0.08783235] [8.75055257e-03 7.08223506e-03 9.99936633e-01 4.54753701e+01] [0. 0. 0. 1.];[ 0.9997625   0.01135817 -0.01859919 -0.21002178] [-0.01156699  0.99987084 -0.0111587   0.08860327] [1.84700440e-02 1.13711822e-02 9.99764749e-01 4.65642070e+01] [0. 0. 0. 1.]
76;[ 0.99975565  0.01124062 -0.01903407 -0.2005085 ] [-0.01145887  0.9998694  -0.01139653  0.09132039] [1.89034805e-02 1.16118493e-02 9.99753881e-01 4.65626067e+01] [0. 0. 0. 1.];[ 0.99961887  0.00580588 -0.02698891 -0.21687976] [-0.00620376  0.99987297 -0.01468219  0.09273534] [2.69002423e-02 1.48440310e-02 9.99527904e-01 4.71146342e+01] [0. 0. 0. 1.]
77;[ 0.99975565  0.01124062 -0.01903407 -0.2005085 ] [-0.01145887  0.9998694  -0.01139653  0.09132039] [1.89034805e-02 1.16118493e-02 9.99753881e-01 4.65626067e+01] [0. 0. 0. 1.];[ 0.99931978  0.00139355 -0.03685142 -0.23058117] [-0.00202559  0.9998514  -0.01711922  0.10210671] [3.68220911e-02 1.71822166e-02 9.99174111e-01 4.76506499e+01] [0. 0. 0. 1.]
78;[ 9.99320872e-01  5.13613793e-04 -3.68446974e-02 -2.25282320e-01] [-0.00111918  0.99986461 -0.01641699  0.08684892] [3.68312768e-02 1.64470783e-02 9.99186144e-01 4.76517386e+01] [0. 0. 0. 1.];[ 9.98879397e-01  5.69842503e-04 -4.73246897e-02 -2.79254780e-01] [-0.00118625  0.99991482 -0.01299795  0.07387011] [4.73132517e-02 1.30395191e-02 9.98794988e-01 4.81945805e+01] [0. 0. 0. 1.]
79;[ 9.99320872e-01  5.13613793e-04 -3.68446974e-02 -2.25282320e-01] [-0.00111918  0.99986461 -0.01641699  0.08684892] [3.68312768e-02 1.64470783e-02 9.99186144e-01 4.76517386e+01] [0. 0. 0. 1.];[ 9.98277610e-01 -4.51704260e-04 -5.86652322e-02 -3.06445363e-01] [-1.12786646e-04  9.99953734e-01 -9.61857175e-03  6.99099943e-02] [5.86668628e-02 9.60862148e-03 9.98231373e-01 4.87546569e+01] [0. 0. 0. 1.]
80;[ 9.98277610e-01 -4.51704260e-04 -5.86652322e-02 -3.06445363e-01] [-1.12786646e-04  9.99953734e-01 -9.61857175e-03  6.99099943e-02] [5.86668628e-02 9.60862148e-03 9.98231373e-01 4.87546569e+01] [0. 0. 0. 1.];[ 0.99752509 -0.00195749 -0.07028421 -0.33941055] [ 0.00144281  0.99997178 -0.00737286  0.07666783] [7.02966558e-02 7.25320967e-03 9.97499760e-01 4.93339780e+01] [0. 0. 0. 1.]
81;[ 9.98274939e-01 -4.24352027e-04 -5.87108663e-02 -3.01120847e-01] [-1.46634190e-04  9.99952742e-01 -9.72074245e-03  6.97143142e-02] [5.87122167e-02 9.71258260e-03 9.98227700e-01 4.87601450e+01] [0. 0. 0. 1.];[ 0.99668424 -0.00360758 -0.08128663 -0.39715576] [ 0.00333693  0.99998843 -0.00346519  0.0714078 ] [8.12981926e-02 3.18245069e-03 9.96684742e-01 4.98798951e+01] [0. 0. 0. 1.]
82;[ 0.9966428  -0.00439192 -0.08175475 -0.38949724] [ 0.00415634  0.99998671 -0.0030515   0.06528415] [8.17670673e-02 2.70145864e-03 9.96647806e-01 4.98846404e+01] [0. 0. 0. 1.];[ 0.99573451 -0.00233871 -0.09223516 -0.44465474] [ 2.34806932e-03  9.99997243e-01 -7.03961417e-06  7.99076103e-02] [ 9.22349172e-02 -2.09564951e-04  9.95737253e-01  5.04497303e+01] [0. 0. 0. 1.]
83;[ 0.9966428  -0.00439192 -0.08175475 -0.38949724] [ 0.00415634  0.99998671 -0.0030515   0.06528415] [8.17670673e-02 2.70145864e-03 9.96647806e-01 4.98846404e+01] [0. 0. 0. 1.];[ 0.99476706  0.00188577 -0.10215155 -0.53478688] [-0.00159828  0.99999453  0.00289615  0.07000661] [ 1.02156457e-01 -2.71772452e-03  9.94764632e-01  5.10191781e+01] [0. 0. 0. 1.]
84;[ 0.99476742  0.00183592 -0.10214898 -0.52218312] [-0.00151295  0.99999361  0.0032391   0.06695077] [ 1.02154271e-01 -3.06760322e-03  9.94763839e-01  5.10101544e+01] [0. 0. 0. 1.];[ 0.99352992  0.00596702 -0.11341382 -0.60935118] [-0.00560719  0.99997818  0.00349146  0.0841917 ] [ 1.13432179e-01 -2.83293941e-03  9.93541703e-01  5.16123852e+01] [0. 0. 0. 1.]
85;[ 0.99476742  0.00183592 -0.10214898 -0.52218312] [-0.00151295  0.99999361  0.0032391   0.06695077] [ 1.02154271e-01 -3.06760322e-03  9.94763839e-01  5.10101544e+01] [0. 0. 0. 1.];[ 0.99231571  0.00137989 -0.12372397 -0.66834832] [-7.50424150e-04  9.99986539e-01  5.13411868e-03  7.92592498e-02] [ 1.23729385e-01 -5.00182119e-03  9.92303392e-01  5.21844365e+01] [0. 0. 0. 1.]
86;[ 0.99243524  0.00102803 -0.12276493 -0.68444207] [-3.80157015e-04  9.99985879e-01  5.30062713e-03  7.60766411e-02] [ 1.22768650e-01 -5.21385923e-03  9.92421621e-01  5.21526586e+01] [0. 0. 0. 1.];[ 9.90925544e-01  3.72791353e-04 -1.34411411e-01 -7.52402182e-01] [3.41594088e-04 9.99985940e-01 5.29181572e-03 8.59497878e-02] [ 1.34411494e-01 -5.28970952e-03  9.90911484e-01  5.27811501e+01] [0. 0. 0. 1.]
87;[ 0.99243524  0.00102803 -0.12276493 -0.68444207] [-3.80157015e-04  9.99985879e-01  5.30062713e-03  7.60766411e-02] [ 1.22768650e-01 -5.21385923e-03  9.92421621e-01  5.21526586e+01] [0. 0. 0. 1.];[ 0.98974332  0.00144283 -0.14284984 -0.87087848] [-0.00119481  0.99999763  0.00182196  0.09222685] [ 1.42852129e-01 -1.63259716e-03  9.89742696e-01  5.33338573e+01] [0. 0. 0. 1.]
88;[ 9.89788948e-01  8.62594929e-04 -1.42538043e-01 -8.74836442e-01] [-5.90386040e-04  9.99997921e-01  1.95200910e-03  9.07381417e-02] [ 1.42539431e-01 -1.84792456e-03  9.89787399e-01  5.33376837e+01] [0. 0. 0. 1.];[ 0.98796542  0.00397975 -0.1546237  -0.96258117] [-4.15015696e-03  9.99991084e-01 -7.79279263e-04  1.00867633e-01] [1.54619219e-01 1.41161359e-03 9.87973129e-01 5.39594274e+01] [0. 0. 0. 1.]
89;[ 9.89788948e-01  8.62594929e-04 -1.42538043e-01 -8.74836442e-01] [-5.90386040e-04  9.99997921e-01  1.95200910e-03  9.07381417e-02] [ 1.42539431e-01 -1.84792456e-03  9.89787399e-01  5.33376837e+01] [0. 0. 0. 1.];[ 0.98637675  0.00531593 -0.16441609 -1.09988269] [-5.45314459e-03  9.99985058e-01 -3.83209332e-04  1.07850470e-01] [1.64411601e-01 1.27457351e-03 9.86390998e-01 5.45529750e+01] [0. 0. 0. 1.]
90;[ 0.98637675  0.00531593 -0.16441609 -1.09988269] [-5.45314459e-03  9.99985058e-01 -3.83209332e-04  1.07850470e-01] [1.64411601e-01 1.27457351e-03 9.86390998e-01 5.45529750e+01] [0. 0. 0. 1.];[ 0.98477347  0.00342394 -0.17380876 -1.23531671] [-0.00367203  0.99999265 -0.00110584  0.12617036] [1.73803694e-01 1.72722934e-03 9.84778804e-01 5.52009667e+01] [0. 0. 0. 1.]
91;[ 0.98637803  0.00555257 -0.1644006  -1.09197044] [-5.77271785e-03  9.99982967e-01 -8.61378704e-04  1.16495835e-01] [1.64393013e-01 1.79868328e-03 9.86393280e-01 5.45460825e+01] [0. 0. 0. 1.];[ 9.83163627e-01  1.21245551e-03 -1.82723325e-01 -1.33396212e+00] [-1.34591578e-03  9.99998910e-01 -6.06388084e-04  1.17084107e-01] [1.82722391e-01 8.42108914e-04 9.83164187e-01 5.58135008e+01] [0. 0. 0. 1.]
92;[ 0.98320488  0.00145004 -0.18249947 -1.33883684] [-1.57419477e-03  9.99998618e-01 -5.35459397e-04  1.15644762e-01] [1.82498440e-01 8.13756003e-04 9.83205806e-01 5.58151645e+01] [0. 0. 0. 1.];[ 9.81932704e-01  5.87759860e-04 -1.89229544e-01 -1.46707865e+00] [-6.93029283e-04  9.99999640e-01 -4.90137361e-04  1.18611695e-01] [1.89229187e-01 6.12423519e-04 9.81932757e-01 5.64582472e+01] [0. 0. 0. 1.]
93;[ 0.98320488  0.00145004 -0.18249947 -1.33883684] [-1.57419477e-03  9.99998618e-01 -5.35459397e-04  1.15644762e-01] [1.82498440e-01 8.13756003e-04 9.83205806e-01 5.58151645e+01] [0. 0. 0. 1.];[ 0.98105141  0.00183592 -0.19373891 -1.62000436] [-0.00226965  0.99999539 -0.0020168   0.12638092] [1.93734319e-01 2.41830372e-03 9.81051051e-01 5.70881725e+01] [0. 0. 0. 1.]
94;[ 0.98105141  0.00183592 -0.19373891 -1.62000436] [-0.00226965  0.99999539 -0.0020168   0.12638092] [1.93734319e-01 2.41830372e-03 9.81051051e-01 5.70881725e+01] [0. 0. 0. 1.];[ 0.97999631  0.00545718 -0.19894083 -1.74724727] [-0.00640293  0.99997105 -0.00411087  0.13856345] [1.98912637e-01 5.30244486e-03 9.80002881e-01 5.77700614e+01] [0. 0. 0. 1.]
95;[ 9.80880719e-01  1.55890701e-03 -1.94603662e-01 -1.59368562e+00] [-0.00200044  0.99999585 -0.00207237  0.12240139] [1.94599624e-01 2.42203952e-03 9.80879768e-01 5.70995592e+01] [0. 0. 0. 1.];[ 0.97927363  0.00653827 -0.20243616 -1.88195101] [-0.00806504  0.99994491 -0.00671803  0.13867691] [2.02381087e-01 8.21144813e-03 9.79272417e-01 5.84287799e+01] [0. 0. 0. 1.]
96;[ 0.97920292  0.00591488 -0.2027971  -1.8742162 ] [-0.00737386  0.99995208 -0.00643947  0.13344021] [2.02749289e-01 7.80094904e-03 9.79199607e-01 5.84420657e+01] [0. 0. 0. 1.];[ 0.9786725   0.00655242 -0.20532221 -2.04827805] [-0.0089482   0.99990226 -0.01074204  0.1300771 ] [2.05231755e-01 1.23502065e-02 9.78635478e-01 5.91007293e+01] [0. 0. 0. 1.]
97;[ 0.97920292  0.00591488 -0.2027971  -1.8742162 ] [-0.00737386  0.99995208 -0.00643947  0.13344021] [2.02749289e-01 7.80094904e-03 9.79199607e-01 5.84420657e+01] [0. 0. 0. 1.];[ 0.97792211  0.00663684 -0.20886432 -2.17185049] [-0.00973699  0.99985711 -0.0138182   0.13283507] [2.08742770e-01 1.55468284e-02 9.77846998e-01 5.97858331e+01] [0. 0. 0. 1.]
98;[ 0.97787689  0.00664258 -0.20907573 -2.17770106] [-0.00977119  0.99985516 -0.01393465  0.13500543] [2.08952891e-01 1.56692861e-02 9.77800165e-01 5.98131234e+01] [0. 0. 0. 1.];[ 0.97760928  0.00932901 -0.21022145 -2.32755977] [-0.01296399  0.99978923 -0.01591974  0.1303215 ] [2.10028625e-01 1.82885959e-02 9.77524171e-01 6.04680525e+01] [0. 0. 0. 1.]
99;[ 0.97787689  0.00664258 -0.20907573 -2.17770106] [-0.00977119  0.99985516 -0.01393465  0.13500543] [2.08952891e-01 1.56692861e-02 9.77800165e-01 5.98131234e+01] [0. 0. 0. 1.];[ 0.97757637  0.01393164 -0.21011983 -2.51165942] [-0.01789778  0.99969553 -0.01698578  0.13967547] [2.09819213e-01 2.03655765e-02 9.77528077e-01 6.11865831e+01] [0. 0. 0. 1.]
100;[ 0.97772595  0.01382284 -0.20942992 -2.53121816] [-0.01781818  0.99969325 -0.01720242  0.1451044 ] [2.09127894e-01 2.05509147e-02 9.77672329e-01 6.12048061e+01] [0. 0. 0. 1.];[ 0.97759741  0.01679146 -0.20981267 -2.68306836] [-0.02072762  0.99964775 -0.01657533  0.13122672] [2.09460438e-01 2.05529200e-02 9.77601096e-01 6.18936626e+01] [0. 0. 0. 1.]
101;[ 0.97772595  0.01382284 -0.20942992 -2.53121816] [-0.01781818  0.99969325 -0.01720242  0.1451044 ] [2.09127894e-01 2.05509147e-02 9.77672329e-01 6.12048061e+01] [0. 0. 0. 1.];[ 0.97798795  0.01852202 -0.20783767 -2.8736307 ] [-0.02281527  0.99957259 -0.01827847  0.15321637] [2.07410284e-01 2.26179951e-02 9.77992536e-01 6.25841797e+01] [0. 0. 0. 1.]
102;[ 0.97782318  0.01864958 -0.20860014 -2.87757103] [-0.0229809   0.99956731 -0.01835926  0.15366878] [2.08167492e-01 2.27459326e-02 9.77828675e-01 6.26164782e+01] [0. 0. 0. 1.];[ 0.97804606  0.02086162 -0.207342   -3.04285885] [-0.02472293  0.99956551 -0.0160489   0.13206248] [2.06917111e-01 2.08226670e-02 9.78136865e-01 6.32898370e+01] [0. 0. 0. 1.]
103;[ 0.97782318  0.01864958 -0.20860014 -2.87757103] [-0.0229809   0.99956731 -0.01835926  0.15366878] [2.08167492e-01 2.27459326e-02 9.77828675e-01 6.26164782e+01] [0. 0. 0. 1.];[ 0.97819321  0.02461941 -0.20623272 -3.21941234] [-0.02866812  0.99945004 -0.01666608  0.14164101] [2.05708991e-01 2.22149463e-02 9.78361031e-01 6.40258337e+01] [0. 0. 0. 1.]
104;[ 0.97785653  0.02474847 -0.20780791 -3.20247001] [-0.02881791  0.9994472  -0.01657777  0.14383376] [2.07282761e-01 2.21992726e-02 9.78029166e-01 6.40952756e+01] [0. 0. 0. 1.];[ 0.97862437  0.02591669 -0.20401632 -3.40094861] [-0.02989999  0.99941727 -0.01646569  0.12714085] [2.03470696e-01 2.22138068e-02 9.78829006e-01 6.47513760e+01] [0. 0. 0. 1.]
105;[ 0.97862437  0.02591669 -0.20401632 -3.40094861] [-0.02989999  0.99941727 -0.01646569  0.12714085] [2.03470696e-01 2.22138068e-02 9.78829006e-01 6.47513760e+01] [0. 0. 0. 1.];[ 0.97861251  0.02949338 -0.20358708 -3.53792693] [-0.03382364  0.99926889 -0.01782242  0.12597608] [2.02912588e-01 2.43273010e-02 9.78894613e-01 6.55357254e+01] [0. 0. 0. 1.]
106;[ 0.97810126  0.02581715 -0.20652214 -3.36911099] [-0.02980065  0.99942457 -0.01620051  0.12626649] [2.05985053e-01 2.20002330e-02 9.78307798e-01 6.48287058e+01] [0. 0. 0. 1.];[ 0.97929641  0.03253915 -0.19979928 -3.73079298] [-0.03696204  0.99914642 -0.01844558  0.11618842] [1.99028529e-01 2.54486763e-02 9.79663212e-01 6.62489096e+01] [0. 0. 0. 1.]
107;[ 0.97910686  0.03234685 -0.20075714 -3.71658082] [-0.03676197  0.99915643 -0.01830236  0.11673376] [1.99995766e-01 2.53001928e-02 9.79470058e-01 6.62860643e+01] [0. 0. 0. 1.];[ 0.98008791  0.03385704 -0.19565629 -3.90086329] [-0.03830362  0.99908576 -0.01898649  0.11051952] [1.94834590e-01 2.61027735e-02 9.80488719e-01 6.69622876e+01] [0. 0. 0. 1.]
108;[ 0.97910686  0.03234685 -0.20075714 -3.71658082] [-0.03676197  0.99915643 -0.01830236  0.11673376] [1.99995766e-01 2.53001928e-02 9.79470058e-01 6.62860643e+01] [0. 0. 0. 1.];[ 0.98061532  0.03184629 -0.19333757 -4.03281187] [-0.03617216  0.99916712 -0.01888517  0.09783898] [1.92575121e-01 2.55125302e-02 9.80950526e-01 6.77397676e+01] [0. 0. 0. 1.]
109;[ 0.98023757  0.0319806  -0.19522179 -4.01724804] [-0.03635745  0.99916055 -0.01887692  0.09642022] [1.94454212e-01 2.56016309e-02 9.80577440e-01 6.77728258e+01] [0. 0. 0. 1.];[ 0.98156926  0.03089921 -0.18859225 -4.22332928] [-0.03539166  0.99916326 -0.02049927  0.10965945] [1.87801032e-01 2.67960442e-02 9.81841507e-01 6.84656785e+01] [0. 0. 0. 1.]
110;[ 0.98128892  0.03086999 -0.19005027 -4.19996773] [-0.03526278  0.99918241 -0.01977492  0.10151328] [1.89284431e-01 2.61066127e-02 9.81575188e-01 6.84891459e+01] [0. 0. 0. 1.];[ 0.98206537  0.03282294 -0.18566168 -4.36833674] [-0.03716289  0.9991102  -0.01994302  0.09035646] [1.84841892e-01 2.64850707e-02 9.82411327e-01 6.91919745e+01] [0. 0. 0. 1.]
111;[ 0.981913    0.0327686  -0.18647543 -4.34822395] [-0.03703536  0.9991248  -0.0194427   0.08076646] [1.85675118e-01 2.59972271e-02 9.82267222e-01 6.92044909e+01] [0. 0. 0. 1.];[ 0.98286273  0.03374637 -0.1812237  -4.53384093] [-0.03836053  0.99902141 -0.02201583  0.08820927] [1.80303397e-01 2.85903730e-02 9.83195441e-01 6.99039074e+01] [0. 0. 0. 1.]
112;[ 0.98245566  0.03351753 -0.18345966 -4.50078672] [-0.03815075  0.99903455 -0.0217827   0.08346909] [1.82552440e-01 2.83996655e-02 9.82785870e-01 6.99431746e+01] [0. 0. 0. 1.];[ 0.98320819  0.03423723 -0.17924694 -4.65512478] [-0.03922149  0.99893415 -0.02433598  0.0613439 ] [1.78222694e-01 3.09576690e-02 9.83503073e-01 7.06483516e+01] [0. 0. 0. 1.]
113;[ 0.98305723  0.03412082 -0.18009509 -4.65883428] [-0.0391788   0.99892931 -0.02460209  0.06392012] [1.79062825e-01 3.12411684e-02 9.83341494e-01 7.06763381e+01] [0. 0. 0. 1.];[ 0.98324351  0.03781189 -0.17833247 -4.77214909] [-0.04326283  0.99870486 -0.02677567  0.04551038] [1.77089061e-01 3.40421659e-02 9.83605915e-01 7.13903548e+01] [0. 0. 0. 1.]
114;[ 0.98305723  0.03412082 -0.18009509 -4.65883428] [-0.0391788   0.99892931 -0.02460209  0.06392012] [1.79062825e-01 3.12411684e-02 9.83341494e-01 7.06763381e+01] [0. 0. 0. 1.];[ 0.98462006  0.0345972  -0.17124947 -4.98085943] [-0.04120423  0.9985313  -0.03517747  0.03540288] [1.69780912e-01 4.16926459e-02 9.84599495e-01 7.21063784e+01] [0. 0. 0. 1.]
115;[ 0.98442754  0.03455311 -0.17236156 -4.96201831] [-0.04122838  0.99852602 -0.0352989   0.03870008] [1.70887815e-01 4.18553977e-02 9.84401077e-01 7.21155151e+01] [0. 0. 0. 1.];[ 0.98548248  0.0297035  -0.16715856 -5.12030721] [-0.03665429  0.99858028 -0.03865091  0.00958634] [1.65773173e-01 4.42168698e-02 9.85172129e-01 7.28114011e+01] [0. 0. 0. 1.]
116;[ 0.98513839  0.0297345  -0.16916917 -5.09744522] [-0.03683618  0.99856014 -0.03899677  0.01345349] [1.67766038e-01 4.46487567e-02 9.84815234e-01 7.28351905e+01] [0. 0. 0. 1.];[ 0.9860078   0.02802872 -0.1643259  -5.22632856] [-3.44357849e-02  9.98748502e-01 -3.62712888e-02  8.35498695e-04] [1.63103612e-01 4.14224652e-02 9.85739008e-01 7.35436536e+01] [0. 0. 0. 1.]
117;[ 0.9857395   0.02822908 -0.16589382 -5.21587123] [-0.03467445  0.998747   -0.03608493 -0.0017299 ] [1.64667309e-01 4.13226190e-02 9.85483190e-01 7.35783122e+01] [0. 0. 0. 1.];[ 0.98623145  0.02872951 -0.16285618 -5.32606358] [-0.033479    0.99908819 -0.02649416 -0.02029818] [1.61946520e-01 3.15816399e-02 9.86294036e-01 7.42747740e+01] [0. 0. 0. 1.]
118;[ 0.9857395   0.02822908 -0.16589382 -5.21587123] [-0.03467445  0.998747   -0.03608493 -0.0017299 ] [1.64667309e-01 4.13226190e-02 9.85483190e-01 7.35783122e+01] [0. 0. 0. 1.];[ 0.98664809  0.0255916  -0.16084344 -5.45912501] [-0.02837669  0.99948412 -0.01504198 -0.0400354 ] [1.60375511e-01 1.94053438e-02 9.86865304e-01 7.50339718e+01] [0. 0. 0. 1.]
119;[ 0.98645216  0.02615437 -0.16195085 -5.44672099] [-0.02892049  0.99947294 -0.01474583 -0.0435167 ] [1.61479828e-01 1.92297552e-02 9.86688645e-01 7.50387939e+01] [0. 0. 0. 1.];[ 0.9873945   0.02155857 -0.15680349 -5.60334195] [-0.02356269  0.99966257 -0.01093329 -0.05011342] [1.56514878e-01 1.44901795e-02 9.87569303e-01 7.57623113e+01] [0. 0. 0. 1.]
