0;;
1;;
2;;
3;;
4;;
5;;
6;;
7;;
8;;
9;;
10;;
11;;
12;[ 0.99930135 -0.00400698 -0.03715856 -0.10119551] [ 0.00381722  0.99997932 -0.0051763   0.00712017] [0.03717854 0.00503084 0.99929598 1.59955276] [0. 0. 0. 1.];[ 0.99930135 -0.00400698 -0.03715856 -0.10119551] [ 0.00381722  0.99997932 -0.0051763   0.00712017] [0.03717854 0.00503084 0.99929598 1.59955276] [0. 0. 0. 1.]
13;[ 0.99930135 -0.00400698 -0.03715856 -0.10119551] [ 0.00381722  0.99997932 -0.0051763   0.00712017] [0.03717854 0.00503084 0.99929598 1.59955276] [0. 0. 0. 1.];[ 9.98436284e-01  2.66920061e-04 -5.59009366e-02 -1.89258666e-01] [-5.96511030e-04  9.99982538e-01 -5.87938013e-03  1.66504468e-02] [0.05589839 0.00590353 0.99841901 2.42700246] [0. 0. 0. 1.]
14;[ 9.98418575e-01  6.33401708e-04 -5.62134152e-02 -1.87471432e-01] [-9.22547994e-04  9.99986478e-01 -5.11792264e-03  1.32316719e-02] [0.05620941 0.00516169 0.99840566 2.41622782] [0. 0. 0. 1.];[ 0.99738964  0.00634445 -0.07192812 -0.33397918] [-0.00666713  0.99996876 -0.00424693  0.03111285] [0.07189893 0.0047154  0.99740078 3.27777604] [0. 0. 0. 1.]
15;[ 0.99740291  0.00687162 -0.07169534 -0.33903091] [-0.00713639  0.99996863 -0.0034374   0.02507015] [0.07166947 0.00394012 0.99742065 3.26276746] [0. 0. 0. 1.];[ 0.99597722  0.01202343 -0.0887965  -0.42794051] [-1.21334763e-02  9.99926142e-01 -6.99569054e-04  5.27293339e-02] [8.87815344e-02 1.77416512e-03 9.96049543e-01 4.13698596e+00] [0. 0. 0. 1.]
16;[ 0.99601236  0.01215831 -0.088383   -0.43508006] [-1.22225649e-02  9.99925284e-01 -1.85824255e-04  4.77454929e-02] [8.83741388e-02 1.26535023e-03 9.96086548e-01 4.12482311e+00] [0. 0. 0. 1.];[ 0.99487493  0.01546824 -0.09992302 -0.59796323] [-0.01504714  0.99987445  0.00496651  0.03737404] [ 9.99872976e-02 -3.43749870e-03  9.94982776e-01  5.02241180e+00] [0. 0. 0. 1.]
17;[ 0.99480524  0.01521964 -0.10065236 -0.59024399] [-0.01488834  0.99988099  0.00404192  0.05371595] [ 1.00701896e-01 -2.52237312e-03  9.94913446e-01  4.99286777e+00] [0. 0. 0. 1.];[ 0.99365477  0.01812104 -0.11100369 -0.71890061] [-0.01727436  0.99981393  0.00858455  0.05806443] [ 0.1111386  -0.00661256  0.99378292  5.9194022 ] [0. 0. 0. 1.]
18;[ 0.99359431  0.01805417 -0.11155448 -0.71097592] [-0.01721263  0.9998157   0.00850233  0.05791728] [ 0.11168742 -0.00652772  0.99372195  5.86649176] [0. 0. 0. 1.];[ 0.99293305  0.01976966 -0.1170176  -0.87244636] [-0.01817197  0.99972674  0.01470474  0.0668727 ] [ 0.11727633 -0.01247438  0.99302097  6.81729946] [0. 0. 0. 1.]
19;[ 0.99293305  0.01976966 -0.1170176  -0.87244636] [-0.01817197  0.99972674  0.01470474  0.0668727 ] [ 0.11727633 -0.01247438  0.99302097  6.81729946] [0. 0. 0. 1.];[ 0.99235336  0.02449789 -0.12097381 -0.99830671] [-0.02250776  0.99958837  0.0177903   0.10001614] [ 0.12135984 -0.01493142  0.99249627  7.73881501] [0. 0. 0. 1.]
20;[ 0.99287151  0.0194031  -0.11759969 -0.85252153] [-0.01784772  0.99973895  0.01426483  0.0745917 ] [ 0.11784577 -0.01206425  0.99295862  6.7663614 ] [0. 0. 0. 1.];[ 0.99212816  0.03249972 -0.12093582 -1.16449059] [-0.03076672  0.99939578  0.01617019  0.13593626] [ 0.12138828 -0.01232211  0.99252862  8.64176357] [0. 0. 0. 1.]
21;[ 0.99212816  0.03249972 -0.12093582 -1.16449059] [-0.03076672  0.99939578  0.01617019  0.13593626] [ 0.12138828 -0.01232211  0.99252862  8.64176357] [0. 0. 0. 1.];[ 0.99242956  0.03624378 -0.11734545 -1.30757526] [-0.03476234  0.99928826  0.01464744  0.16601689] [ 0.11779281 -0.01045735  0.99298313  9.62251967] [0. 0. 0. 1.]
22;[ 0.99204895  0.03253858 -0.12157356 -1.14459335] [-0.03079834  0.99939487  0.01616661  0.12572842] [ 0.12202603 -0.01229381  0.99245076  8.51725619] [0. 0. 0. 1.];[ 0.99305092  0.03789971 -0.11141582 -1.42114055] [-0.03631157  0.9992084   0.01624968  0.17420816] [ 0.11194348 -0.01209107  0.99364101 10.44763877] [0. 0. 0. 1.]
23;[ 0.99305092  0.03789971 -0.11141582 -1.42114055] [-0.03631157  0.9992084   0.01624968  0.17420816] [ 0.11194348 -0.01209107  0.99364101 10.44763877] [0. 0. 0. 1.];[ 0.99402083  0.03666313 -0.10285137 -1.53145935] [-0.03498606  0.99922455  0.01806324  0.23869652] [ 0.10343387 -0.01435687  0.99453271 11.35824827] [0. 0. 0. 1.]
24;[ 0.99289962  0.03765766 -0.11283728 -1.36347743] [-0.03607622  0.99922055  0.01602521  0.17119715] [ 0.1133528  -0.01184068  0.99348424 10.2152276 ] [0. 0. 0. 1.];[ 0.99476486  0.04247107 -0.09294667 -1.59406161] [-0.04066948  0.99894787  0.02119297  0.24469547] [ 0.09374896 -0.01730193  0.99544552 12.1192982 ] [0. 0. 0. 1.]
25;[ 0.99465082  0.04241007 -0.09418666 -1.54118486] [-0.04056399  0.99894711  0.02142986  0.23768756] [ 0.09499633 -0.01749464  0.99532388 11.8115463 ] [0. 0. 0. 1.];[ 0.99560454  0.04893916 -0.07985335 -1.66931862] [-0.04700182  0.9985573   0.02596431  0.27570364] [ 0.08100882 -0.02209693  0.99646841 13.09695996] [0. 0. 0. 1.]
26;[ 0.99465082  0.04241007 -0.09418666 -1.54118486] [-0.04056399  0.99894711  0.02142986  0.23768756] [ 0.09499633 -0.01749464  0.99532388 11.8115463 ] [0. 0. 0. 1.];[ 0.99664865  0.04751904 -0.06658385 -1.69835026] [-0.0457678   0.99857116  0.02758517  0.28840882] [ 0.06779953 -0.02444533  0.99739944 13.69484922] [0. 0. 0. 1.]
27;[ 0.99659222  0.04739839 -0.06750811 -1.65436538] [-0.04559313  0.99856659  0.02803639  0.27036747] [ 0.06874023 -0.02486295  0.99732473 13.44063072] [0. 0. 0. 1.];[ 0.99765506  0.0460188  -0.0506621  -1.73081116] [-0.04474818  0.99866157  0.02593578  0.29842224] [ 0.05178783 -0.02360793  0.99837903 14.6179061 ] [0. 0. 0. 1.]
28;[ 0.99659222  0.04739839 -0.06750811 -1.65436538] [-0.04559313  0.99856659  0.02803639  0.27036747] [ 0.06874023 -0.02486295  0.99732473 13.44063072] [0. 0. 0. 1.];[ 0.99832358  0.04740621 -0.03320679 -1.73233432] [-0.04666542  0.99865172  0.02273942  0.31500161] [ 0.03424    -0.02115169  0.99918979 15.21146128] [0. 0. 0. 1.]
29;[ 0.99829243  0.04768156 -0.03374458 -1.70962126] [-0.0469236   0.99863576  0.02290829  0.3082846 ] [ 0.03479085 -0.02128575  0.99916791 15.00086551] [0. 0. 0. 1.];[ 0.99863718  0.05043783 -0.01340921 -1.81417673] [-0.05016611  0.99854298  0.01988159  0.34152233] [ 1.43924520e-02 -1.91818032e-02  9.99712417e-01  1.60250811e+01] [0. 0. 0. 1.]
30;[ 0.99829243  0.04768156 -0.03374458 -1.70962126] [-0.0469236   0.99863576  0.02290829  0.3082846 ] [ 0.03479085 -0.02128575  0.99916791 15.00086551] [0. 0. 0. 1.];[ 0.99865022  0.05158998  0.00601776 -1.76119032] [-0.05169769  0.99847471  0.01938023  0.36604346] [-5.00875803e-03 -1.96651749e-02  9.99794075e-01  1.66924774e+01] [0. 0. 0. 1.]
31;[ 0.99865022  0.05158998  0.00601776 -1.76119032] [-0.05169769  0.99847471  0.01938023  0.36604346] [-5.00875803e-03 -1.96651749e-02  9.99794075e-01  1.66924774e+01] [0. 0. 0. 1.];[ 0.99854433  0.04649809  0.02733392 -1.70012899] [-0.04708158  0.99866806  0.02110519  0.36472807] [-0.02631616 -0.0223614   0.99940354 17.55905851] [0. 0. 0. 1.]
32;[ 0.99864547  0.05180272  0.0048677  -1.70130901] [-0.05188924  0.99845752  0.01975041  0.35610081] [-3.83706283e-03 -1.99762395e-02  9.99793092e-01  1.65108761e+01] [0. 0. 0. 1.];[ 0.99784909  0.04259228  0.04983054 -1.57875179] [-0.04366159  0.99883458  0.02057041  0.37249282] [-0.04889632 -0.02270185  0.99854583 18.20413977] [0. 0. 0. 1.]
33;[ 0.99784909  0.04259228  0.04983054 -1.57875179] [-0.04366159  0.99883458  0.02057041  0.37249282] [-0.04889632 -0.02270185  0.99854583 18.20413977] [0. 0. 0. 1.];[ 0.99631194  0.04349499  0.07396423 -1.50318569] [-0.04501331  0.99880596  0.01898548  0.38599764] [-0.07305014 -0.02224484  0.99708016 19.05019068] [0. 0. 0. 1.]
34;[ 0.99789704  0.04270762  0.04876012 -1.53304798] [-0.04376153  0.9988264   0.02075475  0.37297795] [-0.04781651 -0.02284492  0.99859486 18.0083909 ] [0. 0. 0. 1.];[ 0.99431873  0.04310833  0.09732386 -1.38015003] [-0.04510154  0.99881344  0.01837301  0.39271841] [-0.09641635 -0.02265808  0.99508316 19.65322548] [0. 0. 0. 1.]
35;[ 0.99431873  0.04310833  0.09732386 -1.38015003] [-0.04510154  0.99881344  0.01837301  0.39271841] [-0.09641635 -0.02265808  0.99508316 19.65322548] [0. 0. 0. 1.];[ 0.99166346  0.0467565   0.12007252 -1.24255212] [-0.04943254  0.99858895  0.01940431  0.4311567 ] [-0.11899581 -0.02517803  0.99257547 20.47412872] [0. 0. 0. 1.]
36;[ 0.99437031  0.04353532  0.09660416 -1.34414998] [-0.04552973  0.99879099  0.01853676  0.38969618] [-0.09568036 -0.02283076  0.99515025 19.48466134] [0. 0. 0. 1.];[ 0.98854645  0.04601087  0.14373209 -1.06841817] [-0.0496197   0.99853409  0.02162328  0.43469358] [-0.14252649 -0.02850756  0.98938037 21.09981901] [0. 0. 0. 1.]
37;[ 0.98854645  0.04601087  0.14373209 -1.06841817] [-0.0496197   0.99853409  0.02162328  0.43469358] [-0.14252649 -0.02850756  0.98938037 21.09981901] [0. 0. 0. 1.];[ 0.98477953  0.0467432   0.16740473 -0.91059455] [-0.05169097  0.99834212  0.02531891  0.44059486] [-0.1659437  -0.03358686  0.98556309 21.89727959] [0. 0. 0. 1.]
38;[ 0.98858455  0.04611794  0.14343545 -1.06304436] [-0.04974738  0.99852347  0.02181921  0.42973696] [-0.1422174  -0.02870567  0.98941912 20.93888857] [0. 0. 0. 1.];[ 0.98054931  0.0451674   0.19100511 -0.74357789] [-0.05104397  0.99835904  0.02595665  0.45063104] [-0.18951928 -0.03520143  0.98124579 22.4919339 ] [0. 0. 0. 1.]
39;[ 0.98054931  0.0451674   0.19100511 -0.74357789] [-0.05104397  0.99835904  0.02595665  0.45063104] [-0.18951928 -0.03520143  0.98124579 22.4919339 ] [0. 0. 0. 1.];[ 0.9761191   0.04358655  0.21281849 -0.52991226] [-0.04994655  0.99844895  0.02459768  0.47025845] [-0.21141627 -0.03463982  0.97678209 23.30153653] [0. 0. 0. 1.]
40;[ 0.980632    0.04561682  0.19047304 -0.71899058] [-0.05149012  0.99833504  0.02599838  0.44987226] [-0.18896995 -0.03530233  0.98134811 22.38984555] [0. 0. 0. 1.];[ 0.97146284  0.04480338  0.2329219  -0.33032764] [-0.05135182  0.99843554  0.02212374  0.49012841] [-0.23156629 -0.03345336  0.97224376 24.03477011] [0. 0. 0. 1.]
41;[ 0.980632    0.04561682  0.19047304 -0.71899058] [-0.05149012  0.99833504  0.02599838  0.44987226] [-0.18896995 -0.03530233  0.98134811 22.38984555] [0. 0. 0. 1.];[ 0.96711133  0.04670134  0.25002931 -0.10816296] [-0.05355479  0.99835087  0.02067405  0.50126069] [-0.24865148 -0.03338438  0.96801752 24.67181004] [0. 0. 0. 1.]
42;[ 0.96711133  0.04670134  0.25002931 -0.10816296] [-0.05355479  0.99835087  0.02067405  0.50126069] [-0.24865148 -0.03338438  0.96801752 24.67181004] [0. 0. 0. 1.];[0.96315966 0.04868658 0.26448646 0.08878159] [-0.05573853  0.99826041  0.0192192   0.51257925] [-0.26309065 -0.03325324  0.96419787 25.39454174] [0. 0. 0. 1.]
43;[ 0.96714597  0.04663783  0.24990715 -0.10602654] [-0.05344416  0.99836007  0.02051544  0.50604384] [-0.24854052 -0.0331975   0.96805244 24.53386561] [0. 0. 0. 1.];[0.96029319 0.04748601 0.27492192 0.30539842] [-0.05452812  0.99834954  0.01802455  0.52982899] [-0.27361226 -0.03229983  0.96129759 25.99088034] [0. 0. 0. 1.]
44;[0.96029319 0.04748601 0.27492192 0.30539842] [-0.05452812  0.99834954  0.01802455  0.52982899] [-0.27361226 -0.03229983  0.96129759 25.99088034] [0. 0. 0. 1.];[0.95822121 0.04676631 0.28217907 0.57175166] [-0.05386196  0.99839613  0.01743701  0.56553535] [-0.28091103 -0.03190723  0.95920328 26.75747295] [0. 0. 0. 1.]
45;[0.96025516 0.04907795 0.27477515 0.30864301] [-0.05613765  0.99826288  0.01788287  0.53415599] [-0.27342018 -0.03259735  0.9613422  25.8776464 ] [0. 0. 0. 1.];[0.95661811 0.04288941 0.28817058 0.78249322] [-0.05049836  0.99854303  0.01901904  0.55758422] [-0.28693501 -0.0327461   0.9573902  27.46650721] [0. 0. 0. 1.]
46;[0.95661811 0.04288941 0.28817058 0.78249322] [-0.05049836  0.99854303  0.01901904  0.55758422] [-0.28693501 -0.0327461   0.9573902  27.46650721] [0. 0. 0. 1.];[0.95556121 0.04661803 0.29108337 1.01427469] [-0.05453555  0.99832833  0.01914212  0.58761268] [-0.28970441 -0.03416586  0.95650617 28.06994844] [0. 0. 0. 1.]
47;[0.95659598 0.04610385 0.2877474  0.79230365] [-0.05355027  0.99840188  0.01805682  0.57741637] [-0.28645506 -0.03268204  0.9575361  27.28431635] [0. 0. 0. 1.];[0.95533081 0.04853996 0.29152516 1.2343882 ] [-0.05650638  0.99822211  0.01896449  0.59269237] [-0.29008633 -0.03459039  0.95637515 28.72911229] [0. 0. 0. 1.]
48;[0.95533081 0.04853996 0.29152516 1.2343882 ] [-0.05650638  0.99822211  0.01896449  0.59269237] [-0.29008633 -0.03459039  0.95637515 28.72911229] [0. 0. 0. 1.];[0.95570297 0.04785035 0.29041724 1.45661073] [-0.05588164  0.99824853  0.01941932  0.60225339] [-0.28897937 -0.03478809  0.95670304 29.49430086] [0. 0. 0. 1.]
49;[0.9551616  0.04921798 0.29196561 1.19725659] [-0.05717659  0.99818737  0.01878341  0.59469713] [-0.2905119  -0.03463478  0.95624436 28.580958  ] [0. 0. 0. 1.];[0.95568773 0.04951052 0.29018904 1.61432372] [-0.0577901   0.99812787  0.02002644  0.63029133] [-0.28865425 -0.03590907  0.95675977 30.12315522] [0. 0. 0. 1.]
50;[0.95568773 0.04951052 0.29018904 1.61432372] [-0.0577901   0.99812787  0.02002644  0.63029133] [-0.28865425 -0.03590907  0.95675977 30.12315522] [0. 0. 0. 1.];[0.95573194 0.05231925 0.28954993 1.7886321 ] [-0.0608078   0.99794117  0.02039174  0.6519958 ] [-0.28788691 -0.03709593  0.95694567 30.66673187] [0. 0. 0. 1.]
51;[0.95561685 0.05078084 0.29020295 1.60227398] [-0.05898456  0.99806673  0.0195862   0.6333864 ] [-0.2886473  -0.03583439  0.95676467 29.97708952] [0. 0. 0. 1.];[0.95606377 0.05377262 0.28818497 2.0090136 ] [-0.0623654   0.99783845  0.02071206  0.6802933 ] [-0.2864483  -0.03777482  0.95735074 31.4139621 ] [0. 0. 0. 1.]
52;[0.95606377 0.05377262 0.28818497 2.0090136 ] [-0.0623654   0.99783845  0.02071206  0.6802933 ] [-0.2864483  -0.03777482  0.95735074 31.4139621 ] [0. 0. 0. 1.];[0.95706955 0.05211716 0.28513448 2.22074666] [-0.06063966  0.99793591  0.02113663  0.69694528] [-0.28344435 -0.03751968  0.95825444 32.06073028] [0. 0. 0. 1.]
53;[0.95595718 0.05461193 0.28838068 1.97218741] [-0.0632265   0.99778585  0.02063531  0.67478561] [-0.28661522 -0.03795977  0.95729346 31.27692213] [0. 0. 0. 1.];[0.9579144  0.05426604 0.281878   2.37670318] [-0.06266733  0.99781627  0.0208686   0.70891278] [-0.28013    -0.03765487  0.95922328 32.64864882] [0. 0. 0. 1.]
54;[0.9579144  0.05426604 0.281878   2.37670318] [-0.06266733  0.99781627  0.0208686   0.70891278] [-0.28013    -0.03765487  0.95922328 32.64864882] [0. 0. 0. 1.];[0.95892134 0.05415757 0.27845434 2.53336288] [-0.06251718  0.99781821  0.02122303  0.70697152] [-0.27669742 -0.0377594   0.96021496 33.29364917] [0. 0. 0. 1.]
55;[0.95787107 0.05447971 0.28198401 2.37230456] [-0.06290814  0.99780012  0.02091619  0.70626139] [-0.28022417 -0.0377741   0.95919108 32.58667172] [0. 0. 0. 1.];[0.96039142 0.05528694 0.27311478 2.71873831] [-0.06347244  0.99775797  0.02121964  0.71036092] [-0.27132928 -0.03771442  0.96174739 33.84195486] [0. 0. 0. 1.]
56;[0.95787107 0.05447971 0.28198401 2.37230456] [-0.06290814  0.99780012  0.02091619  0.70626139] [-0.28022417 -0.0377741   0.95919108 32.58667172] [0. 0. 0. 1.];[0.96213541 0.05547063 0.26686786 2.93612719] [-0.06317197  0.99779509  0.02035338  0.68451203] [-0.26515042 -0.03644127  0.96351818 34.42845399] [0. 0. 0. 1.]
57;[0.96213541 0.05547063 0.26686786 2.93612719] [-0.06317197  0.99779509  0.02035338  0.68451203] [-0.26515042 -0.03644127  0.96351818 34.42845399] [0. 0. 0. 1.];[0.96329459 0.05272084 0.26321861 2.93807914] [-0.06019603  0.99797789  0.02040997  0.64972763] [-0.26161033 -0.03550553  0.96452029 34.7937423 ] [0. 0. 0. 1.]
58;[0.96210168 0.05504199 0.26707816 2.92188222] [-0.06269428  0.99782827  0.02020313  0.69671385] [-0.26538611 -0.03618174  0.96346307 34.42701491] [0. 0. 0. 1.];[0.96535074 0.05533131 0.25502234 3.24722423] [-0.0618104   0.99793525  0.01745592  0.71847444] [-2.53529927e-01 -3.26141141e-02  9.66777583e-01  3.57850093e+01] [0. 0. 0. 1.]
59;[0.96210168 0.05504199 0.26707816 2.92188222] [-0.06269428  0.99782827  0.02020313  0.69671385] [-0.26538611 -0.03618174  0.96346307 34.42701491] [0. 0. 0. 1.];[0.96715366 0.05739142 0.24762879 3.34459595] [-0.06320023  0.99787947  0.01556611  0.75984729] [-2.46210326e-01 -3.07050151e-02  9.68729930e-01  3.61908298e+01] [0. 0. 0. 1.]
60;[0.96715366 0.05739142 0.24762879 3.34459595] [-0.06320023  0.99787947  0.01556611  0.75984729] [-2.46210326e-01 -3.07050151e-02  9.68729930e-01  3.61908298e+01] [0. 0. 0. 1.];[0.96932554 0.05833872 0.23875632 3.45382454] [-0.06356795  0.99787571  0.01425405  0.78826323] [-2.37417572e-01 -2.89940697e-02  9.70974892e-01  3.66924532e+01] [0. 0. 0. 1.]
61;[0.96728856 0.05834282 0.24687842 3.3641268 ] [-0.0640519   0.99783156  0.01515063  0.76931916] [-2.45459147e-01 -3.04680618e-02  9.68928018e-01  3.61586556e+01] [0. 0. 0. 1.];[0.97206995 0.05759226 0.22751515 3.65163487] [-0.06235622  0.99795853  0.01380093  0.79250334] [-2.26255864e-01 -2.76024586e-02  9.73676737e-01  3.72947625e+01] [0. 0. 0. 1.]
62;[0.96728856 0.05834282 0.24687842 3.3641268 ] [-0.0640519   0.99783156  0.01515063  0.76931916] [-2.45459147e-01 -3.04680618e-02  9.68928018e-01  3.61586556e+01] [0. 0. 0. 1.];[0.9740695  0.05802176 0.21868262 3.65535789] [-0.06244366  0.9979591   0.0133578   0.82077329] [-2.17461262e-01 -2.66667672e-02  9.75704608e-01  3.76801561e+01] [0. 0. 0. 1.]
63;[0.9740695  0.05802176 0.21868262 3.65535789] [-0.06244366  0.9979591   0.0133578   0.82077329] [-2.17461262e-01 -2.66667672e-02  9.75704608e-01  3.76801561e+01] [0. 0. 0. 1.];[0.9764     0.05651809 0.20844365 3.75929948] [-0.06097307  0.99802663  0.01500426  0.82149055] [-2.07184299e-01 -2.73596064e-02  9.77919280e-01  3.81884529e+01] [0. 0. 0. 1.]
64;[0.97420729 0.05615173 0.21855695 3.65628901] [-0.06078887  0.99804466  0.0145455   0.79046596] [-2.17312841e-01 -2.74561653e-02  9.75715782e-01  3.76496542e+01] [0. 0. 0. 1.];[0.97865514 0.05489466 0.19804214 3.85208354] [-0.05962891  0.99805801  0.0180168   0.79115571] [-1.96668514e-01 -2.94412750e-02  9.80027911e-01  3.86146266e+01] [0. 0. 0. 1.]
65;[0.97865514 0.05489466 0.19804214 3.85208354] [-0.05962891  0.99805801  0.0180168   0.79115571] [-1.96668514e-01 -2.94412750e-02  9.80027911e-01  3.86146266e+01] [0. 0. 0. 1.];[0.98031599 0.05615833 0.18927967 3.91638728] [-0.0606641   0.99799428  0.01809119  0.8328625 ] [-1.87884052e-01 -2.92175594e-02  9.81756547e-01  3.90839480e+01] [0. 0. 0. 1.]
66;[0.97865177 0.05650566 0.19760524 3.87327718] [-0.06105426  0.99798971  0.01699749  0.82601497] [-1.96247537e-01 -2.86992686e-02  9.80134305e-01  3.85677682e+01] [0. 0. 0. 1.];[0.9819452  0.05630789 0.18059081 3.99206405] [-0.0606731   0.99798185  0.01873521  0.84433293] [-1.79171414e-01 -2.93539545e-02  9.83379860e-01  3.94668783e+01] [0. 0. 0. 1.]
67;[0.9819452  0.05630789 0.18059081 3.99206405] [-0.0606731   0.99798185  0.01873521  0.84433293] [-1.79171414e-01 -2.93539545e-02  9.83379860e-01  3.94668783e+01] [0. 0. 0. 1.];[0.98344389 0.05705556 0.17199647 4.05545529] [-0.06134808  0.99792119  0.01974131  0.84113754] [-1.70512566e-01 -2.99661262e-02  9.84899739e-01  3.98771019e+01] [0. 0. 0. 1.]
68;[0.98479037 0.05695285 0.16414722 4.08983481] [-0.06127429  0.99789195  0.02138046  0.83020257] [-1.62583507e-01 -3.11132794e-02  9.86204120e-01  4.02234282e+01] [0. 0. 0. 1.];[0.98479037 0.05695285 0.16414722 4.08983481] [-0.06127429  0.99789195  0.02138046  0.83020257] [-1.62583507e-01 -3.11132794e-02  9.86204120e-01  4.02234282e+01] [0. 0. 0. 1.]
69;[0.98479037 0.05695285 0.16414722 4.08983481] [-0.06127429  0.99789195  0.02138046  0.83020257] [-1.62583507e-01 -3.11132794e-02  9.86204120e-01  4.02234282e+01] [0. 0. 0. 1.];[0.98622915 0.05798175 0.15488763 4.1480273 ] [-0.06220509  0.99780845  0.02255691  0.85220946] [-1.53240295e-01 -3.18810835e-02  9.87674546e-01  4.05814316e+01] [0. 0. 0. 1.]
70;[0.98463303 0.05729859 0.1649687  4.03712196] [-0.06162576  0.99787355  0.02122832  0.83817917] [-1.63401553e-01 -3.10684296e-02  9.86070325e-01  4.01399612e+01] [0. 0. 0. 1.];[0.98759247 0.05751959 0.14612534 4.16020534] [-0.06163013  0.99781629  0.0237568   0.85763313] [-1.44439765e-01 -3.24677611e-02  9.88980788e-01  4.08516440e+01] [0. 0. 0. 1.]
71;[0.98759247 0.05751959 0.14612534 4.16020534] [-0.06163013  0.99781629  0.0237568   0.85763313] [-1.44439765e-01 -3.24677611e-02  9.88980788e-01  4.08516440e+01] [0. 0. 0. 1.];[0.9888272  0.05792331 0.13735229 4.19781387] [-0.06175681  0.99780716  0.02381122  0.88166976] [-1.35671870e-01 -3.20276229e-02  9.90236020e-01  4.11950848e+01] [0. 0. 0. 1.]
72;[0.98757618 0.05674299 0.14653844 4.14794053] [-0.06082984  0.99787014  0.02355678  0.85802401] [-1.44889652e-01 -3.21780246e-02  9.88924448e-01  4.07758521e+01] [0. 0. 0. 1.];[0.99005612 0.05637695 0.12888183 4.22137269] [-0.05971     0.99797016  0.02214228  0.88390321] [-1.27371903e-01 -2.96176378e-02  9.91412726e-01  4.14123784e+01] [0. 0. 0. 1.]
73;[0.99005612 0.05637695 0.12888183 4.22137269] [-0.05971     0.99797016  0.02214228  0.88390321] [-1.27371903e-01 -2.96176378e-02  9.91412726e-01  4.14123784e+01] [0. 0. 0. 1.];[0.99101018 0.05607983 0.12146556 4.21254072] [-0.05899021  0.99804813  0.02049579  0.86806678] [-1.20079075e-01 -2.74768131e-02  9.92384019e-01  4.17097339e+01] [0. 0. 0. 1.]
74;[0.99000374 0.05666467 0.12915771 4.21721527] [-0.05997256  0.99796054  0.02186442  0.89364247] [-1.27655361e-01 -2.93917798e-02  9.91382990e-01  4.13694489e+01] [0. 0. 0. 1.];[0.99190551 0.056041   0.11394237 4.22176888] [-0.05852149  0.99811397  0.01853994  0.87197279] [-1.12688470e-01 -2.50579451e-02  9.93314355e-01  4.19974603e+01] [0. 0. 0. 1.]
75;[0.99000374 0.05666467 0.12915771 4.21721527] [-0.05997256  0.99796054  0.02186442  0.89364247] [-1.27655361e-01 -2.93917798e-02  9.91382990e-01  4.13694489e+01] [0. 0. 0. 1.];[0.99274331 0.05649151 0.1061576  4.24101938] [-0.05873657  0.99810869  0.01813972  0.88657373] [-1.04932083e-01 -2.42434211e-02  9.94183843e-01  4.22364370e+01] [0. 0. 0. 1.]
76;[0.99274331 0.05649151 0.1061576  4.24101938] [-0.05873657  0.99810869  0.01813972  0.88657373] [-1.04932083e-01 -2.42434211e-02  9.94183843e-01  4.22364370e+01] [0. 0. 0. 1.];[0.99350499 0.05697191 0.09849892 4.24745272] [-0.05911705  0.9980703   0.01899622  0.89009829] [-9.72265948e-02 -2.46958047e-02  9.94955831e-01  4.24859996e+01] [0. 0. 0. 1.]
77;[0.99268948 0.05663464 0.10658384 4.21938938] [-0.05890247  0.99809693  0.0182485   0.88763649] [-1.05347503e-01 -2.43931479e-02  9.94136247e-01  4.21956656e+01] [0. 0. 0. 1.];[0.99425186 0.05823592 0.08984328 4.29543806] [-0.06022198  0.99799347  0.01955347  0.92065287] [-8.85242966e-02 -2.48516123e-02  9.95763951e-01  4.27457278e+01] [0. 0. 0. 1.]
78;[0.99268948 0.05663464 0.10658384 4.21938938] [-0.05890247  0.99809693  0.0182485   0.88763649] [-1.05347503e-01 -2.43931479e-02  9.94136247e-01  4.21956656e+01] [0. 0. 0. 1.];[0.99480031 0.05836079 0.08346475 4.26811741] [-0.06031595  0.99795638  0.02109641  0.91333427] [-8.20629731e-02 -2.60209726e-02  9.96287397e-01  4.29348870e+01] [0. 0. 0. 1.]
79;[0.99480031 0.05836079 0.08346475 4.26811741] [-0.06031595  0.99795638  0.02109641  0.91333427] [-8.20629731e-02 -2.60209726e-02  9.96287397e-01  4.29348870e+01] [0. 0. 0. 1.];[0.99539039 0.05850775 0.07599222 4.25631815] [-0.06041126  0.99790868  0.02299432  0.90374187] [-7.44879513e-02 -2.74791119e-02  9.96843239e-01  4.31381414e+01] [0. 0. 0. 1.]
80;[0.99480839 0.05774792 0.08379411 4.25190536] [-0.05972276  0.99798872  0.02125358  0.90624968] [-8.23982298e-02 -2.61476541e-02  9.96256409e-01  4.28863975e+01] [0. 0. 0. 1.];[0.99587287 0.0607708  0.06741022 4.26510745] [-0.06250328  0.99775869  0.0238944   0.92361538] [-6.58070488e-02 -2.80091443e-02  9.97439181e-01  4.32822152e+01] [0. 0. 0. 1.]
81;[0.99587287 0.0607708  0.06741022 4.26510745] [-0.06250328  0.99775869  0.0238944   0.92361538] [-6.58070488e-02 -2.80091443e-02  9.97439181e-01  4.32822152e+01] [0. 0. 0. 1.];[0.99632745 0.06148919 0.05958767 4.25068867] [-0.06309341  0.99768375  0.0254236   0.91660832] [-5.78863744e-02 -2.90898226e-02  9.97899268e-01  4.35178054e+01] [0. 0. 0. 1.]
82;[0.99585835 0.06062344 0.06775647 4.25020499] [-0.06236911  0.99776574  0.02395058  0.92574721] [-6.61531200e-02 -2.80773009e-02  9.97414372e-01  4.32389781e+01] [0. 0. 0. 1.];[0.99682042 0.06160264 0.0505388  4.27768809] [-0.06299402  0.99766428  0.02641478  0.93014668] [-4.87935390e-02 -2.95144359e-02  9.98372720e-01  4.37050295e+01] [0. 0. 0. 1.]
83;[0.99585835 0.06062344 0.06775647 4.25020499] [-0.06236911  0.99776574  0.02395058  0.92574721] [-6.61531200e-02 -2.80773009e-02  9.97414372e-01  4.32389781e+01] [0. 0. 0. 1.];[0.9973671  0.05935902 0.04165774 4.24714315] [-0.06051458  0.99780077  0.02704823  0.94412381] [-3.99605700e-02 -2.94979191e-02  9.98765751e-01  4.38246224e+01] [0. 0. 0. 1.]
84;[0.9973671  0.05935902 0.04165774 4.24714315] [-0.06051458  0.99780077  0.02704823  0.94412381] [-3.99605700e-02 -2.94979191e-02  9.98765751e-01  4.38246224e+01] [0. 0. 0. 1.];[0.99779541 0.05808742 0.03209616 4.22806425] [-0.05901026  0.99784777  0.02859416  0.93945512] [-3.03661194e-02 -3.04251244e-02  9.99075678e-01  4.40207094e+01] [0. 0. 0. 1.]
85;[0.99734134 0.05957915 0.04195929 4.22707485] [-0.06075601  0.99777778  0.02735328  0.92937888] [-4.02363633e-02 -2.98298354e-02  9.98744820e-01  4.37840333e+01] [0. 0. 0. 1.];[0.99808325 0.05800821 0.0215608  4.23376867] [-0.05863004  0.99784607  0.02942337  0.9440779 ] [-1.98075659e-02 -3.06310853e-02  9.99334477e-01  4.42123752e+01] [0. 0. 0. 1.]
86;[0.99734134 0.05957915 0.04195929 4.22707485] [-0.06075601  0.99777778  0.02735328  0.92937888] [-4.02363633e-02 -2.98298354e-02  9.98744820e-01  4.37840333e+01] [0. 0. 0. 1.];[0.99818138 0.05939411 0.01030882 4.18506342] [-0.05966132  0.99782853  0.02790606  0.95694301] [-8.62898403e-03 -2.84703460e-02  9.99557392e-01  4.43624938e+01] [0. 0. 0. 1.]
87;[0.99818138 0.05939411 0.01030882 4.18506342] [-0.05966132  0.99782853  0.02790606  0.95694301] [-8.62898403e-03 -2.84703460e-02  9.99557392e-01  4.43624938e+01] [0. 0. 0. 1.];[ 0.99822146  0.05944839 -0.00445061  4.15498641] [-0.05931773  0.99791929  0.02526851  0.9650339 ] [ 5.94351775e-03 -2.49595650e-02  9.99670793e-01  4.45629769e+01] [0. 0. 0. 1.]
88;[0.99816175 0.05961815 0.01089897 4.15439896] [-0.05990037  0.99781944  0.0277186   0.9633338 ] [-9.22267295e-03 -2.83205012e-02  9.99556347e-01  4.43200097e+01] [0. 0. 0. 1.];[ 0.99803685  0.05915294 -0.0205761   4.1230729 ] [-0.05868849  0.99802301  0.02248858  0.97502053] [ 2.18656892e-02 -2.12368562e-02  9.99535336e-01  4.47638686e+01] [0. 0. 0. 1.]
89;[0.99816175 0.05961815 0.01089897 4.15439896] [-0.05990037  0.99781944  0.0277186   0.9633338 ] [-9.22267295e-03 -2.83205012e-02  9.99556347e-01  4.43200097e+01] [0. 0. 0. 1.];[ 0.99753831  0.0583707  -0.03886105  4.05429662] [-0.05755982  0.99810687  0.02166879  0.98433663] [ 4.00523021e-02 -1.93786113e-02  9.99009651e-01  4.49695554e+01] [0. 0. 0. 1.]
90;[ 0.99753831  0.0583707  -0.03886105  4.05429662] [-0.05755982  0.99810687  0.02166879  0.98433663] [ 4.00523021e-02 -1.93786113e-02  9.99009651e-01  4.49695554e+01] [0. 0. 0. 1.];[ 0.99636658  0.05828132 -0.06210414  4.04635751] [-0.05684602  0.998079    0.02463423  0.98455743] [ 6.34205565e-02 -2.10143460e-02  9.97765619e-01  4.52435424e+01] [0. 0. 0. 1.]
91;[ 0.99755629  0.05797591 -0.03899026  4.05600222] [-0.05715995  0.99812859  0.02172706  0.97974609] [ 4.01769419e-02 -1.94452877e-02  9.99003350e-01  4.49343687e+01] [0. 0. 0. 1.];[ 0.99447471  0.0580272  -0.08748086  3.96855631] [-0.05567837  0.99802586  0.02905688  0.99171899] [ 8.89942468e-02 -2.40255429e-02  9.95742335e-01  4.54981372e+01] [0. 0. 0. 1.]
92;[ 0.99447471  0.0580272  -0.08748086  3.96855631] [-0.05567837  0.99802586  0.02905688  0.99171899] [ 8.89942468e-02 -2.40255429e-02  9.95742335e-01  4.54981372e+01] [0. 0. 0. 1.];[ 0.99186991  0.0555241  -0.11450392  3.86485697] [-0.05207209  0.99810046  0.03292369  1.00332831] [ 1.16114472e-01 -2.66935564e-02  9.92877074e-01  4.58110097e+01] [0. 0. 0. 1.]
93;[ 0.99447471  0.0580272  -0.08748086  3.96855631] [-0.05567837  0.99802586  0.02905688  0.99171899] [ 8.89942468e-02 -2.40255429e-02  9.95742335e-01  4.54981372e+01] [0. 0. 0. 1.];[ 0.98772562  0.05459129 -0.14634851  3.78277432] [-0.04986681  0.99811542  0.0357618   1.02356299] [ 1.48024992e-01 -2.80249176e-02  9.88586468e-01  4.61463384e+01] [0. 0. 0. 1.]
94;[ 0.99439444  0.05893551 -0.08778551  3.98673652] [-0.05659209  0.99797755  0.02895083  0.99871439] [ 8.93142043e-02 -2.38205760e-02  9.95718611e-01  4.54803975e+01] [0. 0. 0. 1.];[ 0.9818471   0.05441097 -0.1817023   3.66672553] [-0.04790501  0.99805035  0.04000767  1.03575236] [ 1.83524897e-01 -3.05769677e-02  9.82539394e-01  4.64919377e+01] [0. 0. 0. 1.]
95;[ 0.97412793  0.05379709 -0.21950093  3.56688985] [-0.04508529  0.99799103  0.04451085  1.07433356] [ 2.21454514e-01 -3.34630013e-02  9.74596391e-01  4.68352852e+01] [0. 0. 0. 1.];[ 0.97412793  0.05379709 -0.21950093  3.56688985] [-0.04508529  0.99799103  0.04451085  1.07433356] [ 2.21454514e-01 -3.34630013e-02  9.74596391e-01  4.68352852e+01] [0. 0. 0. 1.]
96;[ 0.97412793  0.05379709 -0.21950093  3.56688985] [-0.04508529  0.99799103  0.04451085  1.07433356] [ 2.21454514e-01 -3.34630013e-02  9.74596391e-01  4.68352852e+01] [0. 0. 0. 1.];[ 0.96408603  0.05619202 -0.2595777   3.41134537] [-0.04505981  0.99779928  0.04864371  1.10861554] [ 2.61739828e-01 -3.52002036e-02  9.64496349e-01  4.71849783e+01] [0. 0. 0. 1.]
97;[ 0.97409217  0.0534362  -0.21974762  3.58578683] [-0.04473953  0.99801299  0.04436724  1.07358294] [ 2.21681791e-01 -3.33863785e-02  9.74547348e-01  4.68384335e+01] [0. 0. 0. 1.];[ 0.95160419  0.05802652 -0.3017986   3.21282525] [-0.04432434  0.99765984  0.05205954  1.12925452] [ 3.04113179e-01 -3.61630469e-02  9.51949268e-01  4.75991541e+01] [0. 0. 0. 1.]
98;[ 0.97409217  0.0534362  -0.21974762  3.58578683] [-0.04473953  0.99801299  0.04436724  1.07358294] [ 2.21681791e-01 -3.33863785e-02  9.74547348e-01  4.68384335e+01] [0. 0. 0. 1.];[ 0.93631191  0.05976318 -0.34604677  3.0217299 ] [-0.04363943  0.99757566  0.05420705  1.16969585] [ 3.48447424e-01 -3.56534253e-02  9.36650002e-01  4.80255884e+01] [0. 0. 0. 1.]
99;[ 0.93631191  0.05976318 -0.34604677  3.0217299 ] [-0.04363943  0.99757566  0.05420705  1.16969585] [ 3.48447424e-01 -3.56534253e-02  9.36650002e-01  4.80255884e+01] [0. 0. 0. 1.];[ 0.91884061  0.06180627 -0.3897588   2.77989991] [-0.04223814  0.99738835  0.05858685  1.21907484] [ 3.92361923e-01 -3.73692882e-02  9.19051499e-01  4.84228627e+01] [0. 0. 0. 1.]
100;[ 0.93632577  0.05946446 -0.34606073  3.02489868] [-0.04327291  0.99758465  0.05433524  1.16339296] [ 3.48455891e-01 -3.59004284e-02  9.36637417e-01  4.79885584e+01] [0. 0. 0. 1.];[ 0.89858684  0.06434542 -0.43405225  2.52815373] [-0.04070701  0.99714823  0.06354798  1.25751569] [ 4.36903456e-01 -3.94344059e-02  8.98643588e-01  4.88259236e+01] [0. 0. 0. 1.]
101;[ 0.93632577  0.05946446 -0.34606073  3.02489868] [-0.04327291  0.99758465  0.05433524  1.16339296] [ 3.48455891e-01 -3.59004284e-02  9.36637417e-01  4.79885584e+01] [0. 0. 0. 1.];[ 0.8754796   0.06849553 -0.47837624  2.21757069] [-0.03908978  0.99669781  0.0711721   1.26649426] [ 4.81671522e-01 -4.36100981e-02  8.75266076e-01  4.92403158e+01] [0. 0. 0. 1.]
102;[ 0.8754796   0.06849553 -0.47837624  2.21757069] [-0.03908978  0.99669781  0.0711721   1.26649426] [ 4.81671522e-01 -4.36100981e-02  8.75266076e-01  4.92403158e+01] [0. 0. 0. 1.];[ 0.84935606  0.06658988 -0.52360298  1.96672824] [-0.03027733  0.99652316  0.07762012  1.32684378] [ 0.52695121 -0.05007382  0.84841914 49.57314522] [0. 0. 0. 1.]
103;[ 0.8755653   0.06747223 -0.47836483  2.23098463] [-0.0382665   0.99677382  0.07055228  1.26953591] [ 4.81581854e-01 -4.34677789e-02  8.75322495e-01  4.92088028e+01] [0. 0. 0. 1.];[ 0.82195389  0.06180073 -0.56619119  1.64299667] [-0.01872475  0.99649044  0.08158544  1.40325529] [ 0.56924615 -0.05645768  0.8202264  49.93593584] [0. 0. 0. 1.]
104;[ 0.8755653   0.06747223 -0.47836483  2.23098463] [-0.0382665   0.99677382  0.07055228  1.26953591] [ 4.81581854e-01 -4.34677789e-02  8.75322495e-01  4.92088028e+01] [0. 0. 0. 1.];[ 0.79193773  0.06282519 -0.6073612   1.20316884] [-0.01444332  0.99634178  0.08422854  1.41174606] [ 0.61043101 -0.05793144  0.78994805 50.46380414] [0. 0. 0. 1.]
105;[ 0.79180387  0.06284531 -0.60753362  1.22004375] [-0.01450523  0.99634662  0.08416063  1.41281772] [ 0.61060317 -0.05782629  0.78982269 50.44318034] [0. 0. 0. 1.];[ 0.76053437  0.05696619 -0.64679389  0.77658347] [-0.00673821  0.99678266  0.07986821  1.46414589] [ 0.64926272 -0.05638429  0.75847132 50.81817136] [0. 0. 0. 1.]
106;[ 0.72455488  0.05804613 -0.68676843  0.35458491] [-0.00457123  0.99682997  0.07942999  1.50699757] [ 0.68920195 -0.05441201  0.72252336 51.19830703] [0. 0. 0. 1.];[ 0.72455488  0.05804613 -0.68676843  0.35458491] [-0.00457123  0.99682997  0.07942999  1.50699757] [ 0.68920195 -0.05441201  0.72252336 51.19830703] [0. 0. 0. 1.]
107;[ 0.72466352  0.05868285 -0.68659967  0.39490111] [-0.00511675  0.99679818  0.07979473  1.49838073] [ 0.68908389 -0.05431117  0.72264355 51.12095662] [0. 0. 0. 1.];[ 0.68805972  0.06344375 -0.72287531 -0.15646529] [-0.00555969  0.99660235  0.08217572  1.55388768] [ 0.72563277 -0.05252284  0.68607466 51.53016633] [0. 0. 0. 1.]
108;[ 0.68842044  0.06415746 -0.72246877 -0.10700478] [-0.00587398  0.99654066  0.08289874  1.54144718] [ 0.72528808 -0.05282542  0.68641582 51.42836139] [0. 0. 0. 1.];[ 0.64879794  0.06525204 -0.7581579  -0.66139092] [-0.00281441  0.99651567  0.08335822  1.60688896] [ 0.76095552 -0.05194887  0.64672096 51.82995888] [0. 0. 0. 1.]
109;[ 0.64835337  0.06540357 -0.75852507 -0.6198186 ] [-0.00298996  0.99651431  0.08336842  1.60475829] [ 7.61333678e-01 -5.17842330e-02  6.46288963e-01  5.17953326e+01] [0. 0. 0. 1.];[ 0.60748819  0.06612162 -0.79157187 -1.23055632] [-0.00261046  0.99669016  0.08125218  1.67705395] [ 7.94324422e-01 -4.72933778e-02  6.05650105e-01  5.21636545e+01] [0. 0. 0. 1.]
110;[ 0.64835337  0.06540357 -0.75852507 -0.6198186 ] [-0.00298996  0.99651431  0.08336842  1.60475829] [ 7.61333678e-01 -5.17842330e-02  6.46288963e-01  5.17953326e+01] [0. 0. 0. 1.];[ 0.56495042  0.06552031 -0.82251937 -1.8273921 ] [0.00280659 0.99668396 0.08132165 1.74277461] [ 8.25120083e-01 -4.82511711e-02  5.62893128e-01  5.24930467e+01] [0. 0. 0. 1.]
111;[ 0.56457505  0.06540848 -0.82278597 -1.81083264] [0.00308283 0.996681   0.08134787 1.74299008] [ 8.25375981e-01 -4.84634876e-02  5.62499582e-01  5.24897776e+01] [0. 0. 0. 1.];[ 0.52275319  0.06478045 -0.85001918 -2.47440885] [0.01374161 0.99633868 0.08438249 1.80839034] [ 0.85237332 -0.05579184  0.51994903 52.83670867] [0. 0. 0. 1.]
112;[ 0.56457505  0.06540848 -0.82278597 -1.81083264] [0.00308283 0.996681   0.08134787 1.74299008] [ 8.25375981e-01 -4.84634876e-02  5.62499582e-01  5.24897776e+01] [0. 0. 0. 1.];[ 0.4808329   0.06058598 -0.87471656 -3.14658296] [0.02810746 0.9960321  0.08443943 1.870131  ] [ 0.87636162 -0.06518732  0.47722208 53.1743706 ] [0. 0. 0. 1.]
113;[ 0.47989887  0.06006968 -0.87526493 -3.14571493] [0.0277507  0.99611467 0.08357906 1.88854845] [ 0.87688481 -0.06439872  0.47636733 53.19355183] [0. 0. 0. 1.];[ 0.43746624  0.06090444 -0.89716996 -3.87601644] [0.0338754  0.99587938 0.08412321 1.94327892] [ 0.89859654 -0.06719305  0.43360045 53.47466985] [0. 0. 0. 1.]
114;[ 0.47989887  0.06006968 -0.87526493 -3.14571493] [0.0277507  0.99611467 0.08357906 1.88854845] [ 0.87688481 -0.06439872  0.47636733 53.19355183] [0. 0. 0. 1.];[ 0.39321349  0.06239686 -0.91732752 -4.63464527] [0.03541168 0.99592664 0.08292245 2.0193593 ] [ 0.91876502 -0.06509033  0.38940221 53.74453309] [0. 0. 0. 1.]
115;[ 0.39321349  0.06239686 -0.91732752 -4.63464527] [0.03541168 0.99592664 0.08292245 2.0193593 ] [ 0.91876502 -0.06509033  0.38940221 53.74453309] [0. 0. 0. 1.];[ 0.35076143  0.0659431  -0.93414021 -5.48958941] [0.03103209 0.99615132 0.08197288 2.10671032] [ 0.93595055 -0.05774125  0.34736511 53.9765865 ] [0. 0. 0. 1.]
116;[ 0.31127938  0.06430336 -0.9481404  -6.2544482 ] [0.03537486 0.99623258 0.07917874 2.18797909] [ 0.94965982 -0.05818704  0.30783194 54.18330984] [0. 0. 0. 1.];[ 0.31127938  0.06430336 -0.9481404  -6.2544482 ] [0.03537486 0.99623258 0.07917874 2.18797909] [ 0.94965982 -0.05818704  0.30783194 54.18330984] [0. 0. 0. 1.]
117;[ 0.31083728  0.06441216 -0.94827805 -6.22815516] [0.03564996 0.99620885 0.07935363 2.17447198] [ 0.94979433 -0.05847214  0.30736256 54.17584257] [0. 0. 0. 1.];[ 0.27709674  0.06160388 -0.95886514 -7.10960074] [0.04117662 0.9962644  0.07590604 2.25787464] [ 0.95995931 -0.06051614  0.27352498 54.37281754] [0. 0. 0. 1.]
118;[ 0.31083728  0.06441216 -0.94827805 -6.22815516] [0.03564996 0.99620885 0.07935363 2.17447198] [ 0.94979433 -0.05847214  0.30736256 54.17584257] [0. 0. 0. 1.];[ 0.24465408  0.05875137 -0.96782884 -8.03509876] [0.04647621 0.99630467 0.07222854 2.33095084] [ 0.96849592 -0.06265203  0.24101946 54.5950743 ] [0. 0. 0. 1.]
119;[ 0.24465408  0.05875137 -0.96782884 -8.03509876] [0.04647621 0.99630467 0.07222854 2.33095084] [ 0.96849592 -0.06265203  0.24101946 54.5950743 ] [0. 0. 0. 1.];[ 0.21690448  0.05800401 -0.97446805 -8.94946184] [0.04553158 0.99654562 0.06945291 2.39912974] [ 0.97513041 -0.05943372  0.2135142  54.74120688] [0. 0. 0. 1.]
120;[ 0.24442211  0.0586639  -0.96789275 -8.02102958] [0.04667146 0.99629967 0.07217159 2.32814906] [ 0.9685451  -0.0628133   0.24077974 54.59435963] [0. 0. 0. 1.];[ 0.18997663  0.05714796 -0.98012397 -9.95536924] [0.04321673 0.99685008 0.06649988 2.4997132 ] [ 0.98083699 -0.05499118  0.18690847 54.92487024] [0. 0. 0. 1.]
121;[ 0.18978728  0.05705296 -0.98016618 -9.97519391] [0.04268907 0.99688666 0.066292   2.50541179] [ 9.80896749e-01 -5.44237637e-02  1.86760867e-01  5.49350351e+01] [0. 0. 0. 1.];[  0.16582734   0.05845108  -0.98442103 -10.99359003] [0.0439343  0.99681285 0.06658766 2.57313126] [ 9.85175654e-01 -5.42919080e-02  1.62730820e-01  5.50729602e+01] [0. 0. 0. 1.]
122;[ 0.18978728  0.05705296 -0.98016618 -9.97519391] [0.04268907 0.99688666 0.066292   2.50541179] [ 9.80896749e-01 -5.44237637e-02  1.86760867e-01  5.49350351e+01] [0. 0. 0. 1.];[  0.14369601   0.06035072  -0.98777996 -12.0525457 ] [0.04824087 0.99652498 0.0679028  2.66470988] [ 0.98844538 -0.05740872  0.14028529 55.2406658 ] [0. 0. 0. 1.]
123;[  0.14369601   0.06035072  -0.98777996 -12.0525457 ] [0.04824087 0.99652498 0.0679028  2.66470988] [ 0.98844538 -0.05740872  0.14028529 55.2406658 ] [0. 0. 0. 1.];[  0.1266128    0.06374436  -0.98990194 -13.12323527] [0.05686761 0.99582539 0.07139942 2.73971386] [ 0.99032079 -0.06533344  0.12245926 55.37731417] [0. 0. 0. 1.]
124;[  0.14422411   0.06035644  -0.98770264 -12.05067673] [0.048474   0.9965089  0.06797273 2.66050446] [ 0.98835706 -0.0576812   0.1407949  55.21930125] [0. 0. 0. 1.];[  0.11104653   0.06494741  -0.99169073 -14.24450329] [0.06241337 0.99543678 0.0721816  2.80835396] [ 0.99185344 -0.06991028  0.10648621 55.49414377] [0. 0. 0. 1.]
