0;;
1;;
2;;
3;;
4;;
5;;
6;;
7;;
8;;
9;;
10;;
11;;
12;[ 9.99994946e-01  3.14843787e-03  4.41896343e-04 -1.87826107e-02] [-3.14853224e-03  9.99995021e-01  2.13026949e-04 -3.09736166e-02] [-4.41223441e-04 -2.14417197e-04  9.99999880e-01  1.51247952e+00] [0. 0. 0. 1.];[ 9.99994946e-01  3.14843787e-03  4.41896343e-04 -1.87826107e-02] [-3.14853224e-03  9.99995021e-01  2.13026949e-04 -3.09736166e-02] [-4.41223441e-04 -2.14417197e-04  9.99999880e-01  1.51247952e+00] [0. 0. 0. 1.]
13;[ 9.99998485e-01  1.69298235e-03  4.05282670e-04 -2.01400075e-02] [-1.69299795e-03  9.99998566e-01  3.81398986e-05 -4.56543749e-02] [-4.05217518e-04 -3.88259836e-05  9.99999917e-01  2.26923717e+00] [0. 0. 0. 1.];[ 9.99998485e-01  1.69298235e-03  4.05282670e-04 -2.01400075e-02] [-1.69299795e-03  9.99998566e-01  3.81398986e-05 -4.56543749e-02] [-4.05217518e-04 -3.88259836e-05  9.99999917e-01  2.26923717e+00] [0. 0. 0. 1.]
14;[ 9.99999649e-01  7.38064214e-04  3.96744590e-04 -1.81257549e-02] [-7.37924655e-04  9.99999666e-01 -3.51793202e-04 -4.01538386e-02] [-3.97004103e-04  3.51500311e-04  9.99999859e-01  2.27491465e+00] [0. 0. 0. 1.];[ 0.99999745  0.00176339  0.00141432 -0.05061263] [-0.0017664   0.99999616  0.00213399 -0.07812213] [-1.41054965e-03 -2.13647870e-03  9.99996723e-01  2.99468468e+00] [0. 0. 0. 1.]
15;[ 9.99998586e-01  1.43983347e-03  8.69411426e-04 -3.39923646e-02] [-0.00144111  0.99999789  0.0014673  -0.06591115] [-8.67296922e-04 -1.46854913e-03  9.99998546e-01  2.99806070e+00] [0. 0. 0. 1.];[ 0.99999708  0.00173954  0.00167707 -0.05915792] [-0.00174314  0.99999617  0.0021486  -0.07588944] [-1.67332256e-03 -2.15151548e-03  9.99996285e-01  3.75354830e+00] [0. 0. 0. 1.]
16;[ 9.99998887e-01  1.40896206e-03  4.91214691e-04 -2.65016484e-02] [-0.00140984  0.99999738  0.00180128 -0.06533415] [-4.88675475e-04 -1.80196738e-03  9.99998257e-01  3.73616922e+00] [0. 0. 0. 1.];[ 0.99999779  0.00167663  0.0012715  -0.05314502] [-0.00168002  0.99999501  0.00267483 -0.085562  ] [-1.26700852e-03 -2.67696191e-03  9.99995614e-01  4.47214043e+00] [0. 0. 0. 1.]
17;[ 9.99999339e-01  1.14509955e-03 -1.00102821e-04 -1.60228199e-02] [-0.00114484  0.99999616  0.00252207 -0.07880503] [ 1.02990454e-04 -2.52195075e-03  9.99996815e-01  4.46587412e+00] [0. 0. 0. 1.];[ 9.99999077e-01 -1.35820582e-03  3.39630800e-05 -2.86609016e-02] [ 0.00135808  0.99999285  0.00352921 -0.10079795] [-3.87562249e-05 -3.52915627e-03  9.99993772e-01  5.21768471e+00] [0. 0. 0. 1.]
18;[ 9.99997834e-01 -2.02149496e-03 -4.95122070e-04 -1.34726354e-02] [ 0.00202294  0.99999365  0.0029344  -0.08634109] [ 4.89187046e-04 -2.93539734e-03  9.99995572e-01  5.21180014e+00] [0. 0. 0. 1.];[ 9.99999599e-01 -6.56026972e-05  8.93461975e-04 -3.64948638e-02] [ 6.30929612e-05  9.99996053e-01  2.80874013e-03 -1.06147576e-01] [-8.93642710e-04 -2.80868263e-03  9.99995656e-01  5.91801730e+00] [0. 0. 0. 1.]
19;[ 9.99997834e-01 -2.02149496e-03 -4.95122070e-04 -1.34726354e-02] [ 0.00202294  0.99999365  0.0029344  -0.08634109] [ 4.89187046e-04 -2.93539734e-03  9.99995572e-01  5.21180014e+00] [0. 0. 0. 1.];[ 9.99998367e-01 -3.99289706e-04 -1.76279460e-03  8.72084797e-03] [ 3.97295799e-04  9.99999281e-01 -1.13131075e-03 -1.03789881e-01] [1.76324505e-03 1.13060855e-03 9.99997806e-01 6.63835084e+00] [0. 0. 0. 1.]
20;[ 9.99998464e-01 -3.27713913e-04 -1.72202656e-03 -5.07831837e-03] [ 3.26409644e-04  9.99999660e-01 -7.57629617e-04 -1.05747643e-01] [1.72227426e-03 7.57066367e-04 9.99998230e-01 6.63037376e+00] [0. 0. 0. 1.];[ 9.99999073e-01 -1.87853311e-04 -1.34854030e-03 -8.35905803e-03] [ 1.85954543e-04  9.99998991e-01 -1.40800455e-03 -1.42828676e-01] [1.34880344e-03 1.40775248e-03 9.99998099e-01 7.37443208e+00] [0. 0. 0. 1.]
21;[ 9.99998464e-01 -3.27713913e-04 -1.72202656e-03 -5.07831837e-03] [ 3.26409644e-04  9.99999660e-01 -7.57629617e-04 -1.05747643e-01] [1.72227426e-03 7.57066367e-04 9.99998230e-01 6.63037376e+00] [0. 0. 0. 1.];[ 0.99999585  0.0019948  -0.00208016 -0.01546384] [-1.99570602e-03  9.99997914e-01 -4.35029827e-04 -1.32311069e-01] [2.07929155e-03 4.39179415e-04 9.99997742e-01 8.08822209e+00] [0. 0. 0. 1.]
22;[ 0.99999247  0.00240811 -0.00304201  0.00904205] [-2.40864824e-03  9.99997084e-01 -1.73663639e-04 -1.36197676e-01] [3.04158293e-03 1.80989464e-04 9.99995358e-01 8.08212755e+00] [0. 0. 0. 1.];[ 0.99998759  0.00422063 -0.00264702 -0.00327971] [-0.00421676  0.99999003  0.00146688 -0.15001582] [ 2.65318561e-03 -1.45570078e-03  9.99995421e-01  8.78472465e+00] [0. 0. 0. 1.]
23;[ 0.99998499  0.00398206 -0.00376324  0.01719007] [-0.00397625  0.99999089  0.00154967 -0.14760572] [ 3.76937823e-03 -1.53468349e-03  9.99991718e-01  8.78854239e+00] [0. 0. 0. 1.];[ 0.99997114  0.00669718 -0.00358671  0.01081798] [-0.00668918  0.99997512  0.00223853 -0.15857075] [ 3.60161632e-03 -2.21447002e-03  9.99991062e-01  9.51109691e+00] [0. 0. 0. 1.]
24;[ 0.99998499  0.00398206 -0.00376324  0.01719007] [-0.00397625  0.99999089  0.00154967 -0.14760572] [ 3.76937823e-03 -1.53468349e-03  9.99991718e-01  8.78854239e+00] [0. 0. 0. 1.];[ 0.9999547   0.00864905 -0.00397301  0.01400629] [-0.00863754  0.99995848  0.00290397 -0.16386049] [ 3.99795938e-03 -2.86952501e-03  9.99987891e-01  1.02240351e+01] [0. 0. 0. 1.]
25;[ 0.99996032  0.00839895 -0.00296812 -0.00332773] [-0.00839101  0.9999612   0.00267983 -0.15967524] [ 2.99050858e-03 -2.65481510e-03  9.99992004e-01  1.02156325e+01] [0. 0. 0. 1.];[ 0.99993453  0.01027289 -0.00504051  0.01162255] [-0.01026468  0.99994595  0.00165141 -0.17174709] [ 5.05720462e-03 -1.59956286e-03  9.99985933e-01  1.09442519e+01] [0. 0. 0. 1.]
26;[ 0.99996032  0.00839895 -0.00296812 -0.00332773] [-0.00839101  0.9999612   0.00267983 -0.15967524] [ 2.99050858e-03 -2.65481510e-03  9.99992004e-01  1.02156325e+01] [0. 0. 0. 1.];[ 0.99990512  0.01297358 -0.00463058 -0.01212007] [-1.29756871e-02  9.99915722e-01 -4.24723010e-04 -1.88168693e-01] [4.62467616e-03 4.84767624e-04 9.99989189e-01 1.16202669e+01] [0. 0. 0. 1.]
27;[ 0.99990431  0.01307597 -0.00451552 -0.01551344] [-1.30786964e-02  9.99914304e-01 -5.75755618e-04 -1.83917598e-01] [4.50760063e-03 6.34757589e-04 9.99989639e-01 1.16201665e+01] [0. 0. 0. 1.];[ 0.99986139  0.01594645 -0.00478748 -0.02553226] [-0.01595249  0.999872   -0.00122739 -0.19598559] [4.76729694e-03 1.30359226e-03 9.99987787e-01 1.23399343e+01] [0. 0. 0. 1.]
28;[ 0.99990431  0.01307597 -0.00451552 -0.01551344] [-1.30786964e-02  9.99914304e-01 -5.75755618e-04 -1.83917598e-01] [4.50760063e-03 6.34757589e-04 9.99989639e-01 1.16201665e+01] [0. 0. 0. 1.];[ 0.99979293  0.01937832 -0.00621164 -0.03042611] [-1.93794439e-02  9.99812194e-01 -1.20993868e-04 -1.91849992e-01] [6.20812758e-03 2.41346920e-04 9.99980700e-01 1.30583290e+01] [0. 0. 0. 1.]
29;[ 0.99978936  0.01950378 -0.0063901  -0.0296308 ] [-1.95024220e-02  9.99809772e-01  2.75420491e-04 -1.98537358e-01] [ 6.39425217e-03 -1.50740129e-04  9.99979545e-01  1.30414862e+01] [0. 0. 0. 1.];[ 0.99974775  0.02147337 -0.00658225 -0.04082222] [-0.02145902  0.99976721  0.00224262 -0.20883098] [ 6.62887743e-03 -2.10080693e-03  9.99975822e-01  1.37763886e+01] [0. 0. 0. 1.]
30;[ 0.99978936  0.01950378 -0.0063901  -0.0296308 ] [-1.95024220e-02  9.99809772e-01  2.75420491e-04 -1.98537358e-01] [ 6.39425217e-03 -1.50740129e-04  9.99979545e-01  1.30414862e+01] [0. 0. 0. 1.];[ 0.99970598  0.02293978 -0.00785647 -0.04428421] [-0.02291988  0.99973389  0.00261432 -0.22421087] [ 7.91434716e-03 -2.43348188e-03  9.99965720e-01  1.44829693e+01] [0. 0. 0. 1.]
31;[ 0.99971046  0.02298789 -0.00710942 -0.05072477] [-0.02297196  0.99973343  0.00231444 -0.22021071] [ 7.16072419e-03 -2.15045198e-03  9.99972049e-01  1.44768078e+01] [0. 0. 0. 1.];[ 0.99968023  0.02325185 -0.00993973 -0.03910752] [-0.02323248  0.99972797  0.00206038 -0.23644286] [ 9.98493235e-03 -1.82879876e-03  9.99948477e-01  1.52083531e+01] [0. 0. 0. 1.]
32;[ 0.99971046  0.02298789 -0.00710942 -0.05072477] [-0.02297196  0.99973343  0.00231444 -0.22021071] [ 7.16072419e-03 -2.15045198e-03  9.99972049e-01  1.44768078e+01] [0. 0. 0. 1.];[ 0.99970273  0.02274499 -0.00878183 -0.08002094] [-0.02272869  0.99973977  0.00195108 -0.24367362] [ 8.82391854e-03 -1.75090552e-03  9.99959536e-01  1.58908736e+01] [0. 0. 0. 1.]
33;[ 0.99970105  0.02287356 -0.00863769 -0.07542411] [-0.02285384  0.999736    0.00237515 -0.24603173] [ 8.68973444e-03 -2.17703810e-03  9.99959874e-01  1.58973643e+01] [0. 0. 0. 1.];[ 0.99969154  0.02251194 -0.01049033 -0.07709598] [-0.02248611  0.99974384  0.00257377 -0.24950985] [ 1.05455794e-02 -2.33708727e-03  9.99941663e-01  1.66229582e+01] [0. 0. 0. 1.]
34;[ 0.99970105  0.02287356 -0.00863769 -0.07542411] [-0.02285384  0.999736    0.00237515 -0.24603173] [ 8.68973444e-03 -2.17703810e-03  9.99959874e-01  1.58973643e+01] [0. 0. 0. 1.];[ 0.99967356  0.02283448 -0.01146152 -0.08467767] [-0.02280653  0.99973661  0.0025637  -0.25745586] [ 1.15170415e-02 -2.30146641e-03  9.99931028e-01  1.73319513e+01] [0. 0. 0. 1.]
35;[ 0.99967693  0.02297809 -0.01086431 -0.08315754] [-0.02294807  0.99973251  0.00288053 -0.25993108] [ 1.09275961e-02 -2.63028814e-03  9.99936833e-01  1.73164224e+01] [0. 0. 0. 1.];[ 0.9996731   0.02322852 -0.01068267 -0.10828241] [-0.02319742  0.99972633  0.00302555 -0.2710653 ] [ 1.07500236e-02 -2.77674607e-03  9.99938361e-01  1.80616158e+01] [0. 0. 0. 1.]
36;[ 0.9996694   0.02350694 -0.01041697 -0.09490439] [-0.02347792  0.99972015  0.00289924 -0.26735905] [ 1.04822098e-02 -2.65371294e-03  9.99941539e-01  1.80509084e+01] [0. 0. 0. 1.];[ 0.99966056  0.02441026 -0.00910556 -0.11331733] [-0.02438066  0.99969714  0.00334815 -0.27197543] [ 9.18453355e-03 -3.12501851e-03  9.99952938e-01  1.87719644e+01] [0. 0. 0. 1.]
37;[ 0.9996694   0.02350694 -0.01041697 -0.09490439] [-0.02347792  0.99972015  0.00289924 -0.26735905] [ 1.04822098e-02 -2.65371294e-03  9.99941539e-01  1.80509084e+01] [0. 0. 0. 1.];[ 0.9996673   0.02451929 -0.00800552 -0.11013526] [-0.02448066  0.99968836  0.00488728 -0.28083221] [ 8.12285591e-03 -4.68967782e-03  9.99956012e-01  1.95107097e+01] [0. 0. 0. 1.]
38;[ 0.99967675  0.0244224  -0.00706676 -0.11698885] [-0.02438552  0.9996888   0.00525854 -0.28709482] [ 7.19298717e-03 -5.08451285e-03  9.99961204e-01  1.95078845e+01] [0. 0. 0. 1.];[ 0.99968064  0.0246486  -0.00557371 -0.12853346] [-0.02462029  0.99968391  0.00509225 -0.29399642] [ 5.69746472e-03 -4.95339730e-03  9.99971501e-01  2.02317331e+01] [0. 0. 0. 1.]
39;[ 0.99966884  0.0251337  -0.00552318 -0.10786199] [-0.02510655  0.99967262  0.00493094 -0.29034748] [ 5.64530676e-03 -4.79063866e-03  9.99972590e-01  2.02182350e+01] [0. 0. 0. 1.];[ 0.99967714  0.02527921 -0.0025646  -0.14504999] [-0.02526791  0.99967126  0.00434904 -0.30426187] [ 2.67369484e-03 -4.28283002e-03  9.99987254e-01  2.09536368e+01] [0. 0. 0. 1.]
40;[ 0.99966884  0.0251337  -0.00552318 -0.10786199] [-0.02510655  0.99967262  0.00493094 -0.29034748] [ 5.64530676e-03 -4.79063866e-03  9.99972590e-01  2.02182350e+01] [0. 0. 0. 1.];[ 9.99733752e-01  2.30742759e-02  5.86899158e-05 -1.31241362e-01] [-0.02307434  0.99972798  0.00339598 -0.30941207] [ 1.96858086e-05 -3.39642920e-03  9.99994232e-01  2.16728177e+01] [0. 0. 0. 1.]
41;[ 9.99739378e-01  2.28208182e-02 -6.20763036e-04 -1.07739926e-01] [-0.02281894  0.99973548  0.00287385 -0.30332356] [ 6.86182538e-04 -2.85894005e-03  9.99995678e-01  2.16874241e+01] [0. 0. 0. 1.];[ 0.99973637  0.02276685  0.00297626 -0.13501732] [-0.02277733  0.9997343   0.00353814 -0.31016168] [-2.89492141e-03 -3.60499902e-03  9.99989312e-01  2.24223554e+01] [0. 0. 0. 1.]
42;[ 0.99973657  0.02282479  0.00241344 -0.11994547] [-0.02283275  0.99973377  0.0033234  -0.30904629] [-2.33694300e-03 -3.37762668e-03  9.99991565e-01  2.24316653e+01] [0. 0. 0. 1.];[ 0.99978855  0.0201747   0.00397885 -0.10691322] [-0.02019023  0.99978854  0.00390187 -0.3104348 ] [-3.89928758e-03 -3.98137785e-03  9.99984472e-01  2.31700362e+01] [0. 0. 0. 1.]
43;[ 0.9997673   0.02111339  0.0044231  -0.11849375] [-0.02113095  0.99976887  0.00396135 -0.31501645] [-4.33844128e-03 -4.05388989e-03  9.99982372e-01  2.31843975e+01] [0. 0. 0. 1.];[ 0.99976331  0.02031578  0.00778414 -0.12269267] [-0.02034801  0.99978462  0.00408433 -0.32776056] [-7.69948661e-03 -4.24175179e-03  9.99961362e-01  2.39107414e+01] [0. 0. 0. 1.]
44;[ 0.99977294  0.02004804  0.00722114 -0.11797283] [-0.02008321  0.99978663  0.00483216 -0.33448579] [-7.12272006e-03 -4.97608388e-03  9.99962252e-01  2.39217225e+01] [0. 0. 0. 1.];[ 0.99974485  0.01995088  0.01059261 -0.13815618] [-0.01998124  0.99979652  0.00276869 -0.32656932] [-1.05352191e-02 -2.97964186e-03  9.99940064e-01  2.46733528e+01] [0. 0. 0. 1.]
45;[ 0.99974635  0.02006243  0.01023415 -0.13120653] [-0.0200977   0.99979239  0.00335514 -0.33381045] [-1.01647164e-02 -3.55997230e-03  9.99942001e-01  2.46920241e+01] [0. 0. 0. 1.];[ 0.99977664  0.01813824  0.01084821 -0.10702609] [-0.01816751  0.99983156  0.00260576 -0.34399275] [-1.07991203e-02 -2.80226522e-03  9.99937761e-01  2.54161156e+01] [0. 0. 0. 1.]
46;[ 0.99974635  0.02006243  0.01023415 -0.13120653] [-0.0200977   0.99979239  0.00335514 -0.33381045] [-1.01647164e-02 -3.55997230e-03  9.99942001e-01  2.46920241e+01] [0. 0. 0. 1.];[ 0.99974343  0.01799941  0.01375122 -0.12589042] [-0.01803516  0.99983428  0.00248045 -0.35226721] [-1.37042941e-02 -2.72781712e-03  9.99902371e-01  2.62026208e+01] [0. 0. 0. 1.]
47;[ 0.99974917  0.01785362  0.01352207 -0.12063966] [-0.01788693  0.99983726  0.00234676 -0.34999768] [-1.34779740e-02 -2.58804268e-03  9.99905819e-01  2.62081034e+01] [0. 0. 0. 1.];[ 0.99979806  0.01340116  0.01497462 -0.10885586] [-0.01345319  0.99990379  0.00337957 -0.35758257] [-1.49278927e-02 -3.58034178e-03  9.99882163e-01  2.69362759e+01] [0. 0. 0. 1.]
48;[ 0.99979852  0.01376394  0.01461098 -0.09451213] [-0.01381791  0.99989805  0.00359978 -0.36423991] [-1.45599447e-02 -3.80095063e-03  9.99886774e-01  2.69475826e+01] [0. 0. 0. 1.];[ 0.99981516  0.01162968  0.01530981 -0.08741771] [-0.01167017  0.99992863  0.0025583  -0.36995278] [-1.52789684e-02 -2.73649606e-03  9.99879525e-01  2.76765491e+01] [0. 0. 0. 1.]
49;[ 0.99979852  0.01376394  0.01461098 -0.09451213] [-0.01381791  0.99989805  0.00359978 -0.36423991] [-1.45599447e-02 -3.80095063e-03  9.99886774e-01  2.69475826e+01] [0. 0. 0. 1.];[ 0.99980612  0.01126163  0.0161522  -0.07325796] [-0.0112302   0.99993487 -0.00203538 -0.38359139] [-1.61740714e-02  1.85359083e-03  9.99867473e-01  2.84331764e+01] [0. 0. 0. 1.]
50;[ 0.99980263  0.01155754  0.01615943 -0.07416602] [-0.011523    0.99993112 -0.00222888 -0.38387324] [-1.61840784e-02  2.04223040e-03  9.99866944e-01  2.84467957e+01] [0. 0. 0. 1.];[ 0.99980304  0.01069406  0.01671898 -0.06616551] [-0.01060717  0.99992982 -0.00527717 -0.39510286] [-1.67742414e-02  5.09879366e-03  9.99846302e-01  2.91915354e+01] [0. 0. 0. 1.]
51;[ 0.99980263  0.01155754  0.01615943 -0.07416602] [-0.011523    0.99993112 -0.00222888 -0.38387324] [-1.61840784e-02  2.04223040e-03  9.99866944e-01  2.84467957e+01] [0. 0. 0. 1.];[ 0.99977199  0.01295373  0.01697556 -0.0432535 ] [-0.01287821  0.99990672 -0.00455092 -0.39586483] [-1.70329240e-02  4.33126874e-03  9.99845548e-01  2.99546529e+01] [0. 0. 0. 1.]
52;[ 0.99978644  0.0130582   0.01601729 -0.0257755 ] [-0.01298944  0.999906   -0.00438915 -0.39844576] [-1.60730977e-02  4.18015724e-03  9.99862081e-01  2.99515613e+01] [0. 0. 0. 1.];[ 0.99972831  0.0138786   0.01872657 -0.04406157] [-1.38657812e-02  9.99903534e-01 -8.13976239e-04 -4.15815754e-01] [-1.87360598e-02  5.54096577e-04  9.99824311e-01  3.07288803e+01] [0. 0. 0. 1.]
53;[ 0.99978644  0.0130582   0.01601729 -0.0257755 ] [-0.01298944  0.999906   -0.00438915 -0.39844576] [-1.60730977e-02  4.18015724e-03  9.99862081e-01  2.99515613e+01] [0. 0. 0. 1.];[ 0.99973639  0.01426988  0.0179865  -0.01973508] [-1.42644314e-02  9.99898165e-01 -4.30920002e-04 -4.22530056e-01] [-1.79908220e-02  1.74239149e-04  9.99838137e-01  3.14924665e+01] [0. 0. 0. 1.]
54;[ 0.9997428   0.01422237  0.01766525 -0.00233435] [-1.42203571e-02  9.99898857e-01 -2.39297754e-04 -4.26883343e-01] [-1.76668644e-02 -1.19699247e-05  9.99843929e-01  3.14682891e+01] [0. 0. 0. 1.];[ 0.99976373  0.01309865  0.01734648 -0.00416539] [-0.01307831  0.99991365 -0.00128571 -0.43372777] [-1.73618188e-02  1.05854711e-03  9.99848712e-01  3.22466681e+01] [0. 0. 0. 1.]
55;[ 0.9997428   0.01422237  0.01766525 -0.00233435] [-1.42203571e-02  9.99898857e-01 -2.39297754e-04 -4.26883343e-01] [-1.76668644e-02 -1.19699247e-05  9.99843929e-01  3.14682891e+01] [0. 0. 0. 1.];[0.99981446 0.00995132 0.01649314 0.02341687] [-9.93908055e-03  9.99950267e-01 -8.24042322e-04 -4.52485799e-01] [-1.65005218e-02  6.59962762e-04  9.99863639e-01  3.29685197e+01] [0. 0. 0. 1.]
56;[0.99981368 0.01019114 0.01639329 0.03743207] [-1.01801944e-02  9.99947899e-01 -7.50737772e-04 -4.54497491e-01] [-1.64000898e-02  5.83710987e-04  9.99865339e-01  3.29577236e+01] [0. 0. 0. 1.];[0.9998285  0.00921305 0.01606503 0.02213573] [-0.00919788  0.99995718 -0.0010179  -0.45596063] [-1.60737210e-02  8.69958545e-04  9.99870431e-01  3.37070099e+01] [0. 0. 0. 1.]
57;[0.99984268 0.00912209 0.01521212 0.04265398] [-9.10869090e-03  9.99958064e-01 -9.49643461e-04 -4.57981392e-01] [-1.52201482e-02  8.10931531e-04  9.99883838e-01  3.37100838e+01] [0. 0. 0. 1.];[0.99986026 0.00852874 0.01437786 0.03831131] [-8.52582910e-03  9.99963620e-01 -2.64083575e-04 -4.71443537e-01] [-1.43795867e-02  1.41463516e-04  9.99896598e-01  3.44642105e+01] [0. 0. 0. 1.]
58;[0.99984268 0.00912209 0.01521212 0.04265398] [-9.10869090e-03  9.99958064e-01 -9.49643461e-04 -4.57981392e-01] [-1.52201482e-02  8.10931531e-04  9.99883838e-01  3.37100838e+01] [0. 0. 0. 1.];[0.99989504 0.00851231 0.01172401 0.06816741] [-8.51020352e-03  9.99963761e-01 -2.29314199e-04 -4.90656029e-01] [-1.17255322e-02  1.29516460e-04  9.99931245e-01  3.51679797e+01] [0. 0. 0. 1.]
59;[0.99989636 0.00861495 0.01153469 0.0696409 ] [-8.60692604e-03  9.99962682e-01 -7.44899425e-04 -4.80947817e-01] [-1.15406746e-02  6.45544020e-04  9.99933196e-01  3.51756709e+01] [0. 0. 0. 1.];[0.99990775 0.00957014 0.00963844 0.08008566] [-0.00956054  0.99995375 -0.0010411  -0.4936316 ] [-9.64796165e-03  9.48853085e-04  9.99953007e-01  3.59256887e+01] [0. 0. 0. 1.]
60;[0.99990144 0.00995485 0.00989981 0.07536317] [-0.00994365  0.99994987 -0.00117895 -0.49259937] [-9.91105096e-03  1.08039186e-03  9.99950301e-01  3.59335393e+01] [0. 0. 0. 1.];[0.99988862 0.01259489 0.00800712 0.07765155] [-1.25964764e-02  9.99920650e-01  1.47934558e-04 -5.04366831e-01] [-8.00462219e-03 -2.48779589e-04  9.99967932e-01  3.66764535e+01] [0. 0. 0. 1.]
61;[0.99990144 0.00995485 0.00989981 0.07536317] [-0.00994365  0.99994987 -0.00117895 -0.49259937] [-9.91105096e-03  1.08039186e-03  9.99950301e-01  3.59335393e+01] [0. 0. 0. 1.];[0.99985822 0.01542233 0.00675884 0.07358727] [-0.01543638  0.99987879  0.00203117 -0.51796997] [-6.72669140e-03 -2.13521617e-03  9.99975096e-01  3.74368534e+01] [0. 0. 0. 1.]
62;[0.9998601  0.01547721 0.00634351 0.08411786] [-0.01548929  0.9998783   0.00186099 -0.51164686] [-6.31393583e-03 -1.95898205e-03  9.99978148e-01  3.74304714e+01] [0. 0. 0. 1.];[0.99982039 0.01833051 0.00481499 0.07654706] [-0.01834227  0.99982886  0.00240982 -0.53205315] [-4.76998966e-03 -2.49770558e-03  9.99985504e-01  3.81733931e+01] [0. 0. 0. 1.]
63;[0.9998601  0.01547721 0.00634351 0.08411786] [-0.01548929  0.9998783   0.00186099 -0.51164686] [-6.31393583e-03 -1.95898205e-03  9.99978148e-01  3.74304714e+01] [0. 0. 0. 1.];[0.99976384 0.02162999 0.00209753 0.08117453] [-2.16296779e-02  9.99766036e-01 -1.72754040e-04 -5.33302181e-01] [-2.10077173e-03  1.27344435e-04  9.99997785e-01  3.89071025e+01] [0. 0. 0. 1.]
64;[0.99977183 0.02119698 0.00264294 0.07820223] [-2.11965055e-02  9.99775307e-01 -2.07464194e-04 -5.31571147e-01] [-2.64674109e-03  1.51395821e-04  9.99996486e-01  3.89165073e+01] [0. 0. 0. 1.];[ 9.99744493e-01  2.25928613e-02 -7.15314660e-04  9.11176971e-02] [-2.25935449e-02  9.99744270e-01 -9.62570263e-04 -5.46564215e-01] [6.93384516e-04 9.78485813e-04 9.99999281e-01 3.96524902e+01] [0. 0. 0. 1.]
65;[ 9.99748977e-01  2.24003824e-02 -4.52888844e-04  9.46665696e-02] [-0.0224009   0.99974837 -0.00117916 -0.54215578] [4.26361146e-04 1.18901374e-03 9.99999202e-01 3.96653596e+01] [0. 0. 0. 1.];[ 0.99971927  0.02357789 -0.00233601  0.09909732] [-0.02358264  0.99971983 -0.00202928 -0.54235708] [2.28751373e-03 2.08379615e-03 9.99995213e-01 4.04021301e+01] [0. 0. 0. 1.]
66;[ 0.99970971  0.02399388 -0.00218726  0.09737536] [-0.02399765  0.99971054 -0.00171614 -0.55146432] [2.14544537e-03 1.76813566e-03 9.99996135e-01 4.04113216e+01] [0. 0. 0. 1.];[ 0.99965745  0.02571782 -0.00485618  0.10433243] [-0.02573255  0.99966438 -0.00299512 -0.55610245] [4.77751747e-03 3.11905789e-03 9.99983723e-01 4.11319175e+01] [0. 0. 0. 1.]
67;[ 0.99964854  0.026103   -0.00462979  0.0999499 ] [-0.02611608  0.99965503 -0.00278617 -0.56285743] [4.55546854e-03 2.90609864e-03 9.99985401e-01 4.11656635e+01] [0. 0. 0. 1.];[ 0.99964745  0.02569374 -0.00669333  0.10435204] [-0.0257181   0.99966283 -0.00357944 -0.57554118] [6.59910382e-03 3.75031973e-03 9.99971193e-01 4.18637058e+01] [0. 0. 0. 1.]
68;[ 0.9996381   0.02612953 -0.00639679  0.09358822] [-0.026152    0.99965201 -0.00345465 -0.57970889] [6.30429119e-03 3.62068870e-03 9.99973573e-01 4.19028841e+01] [0. 0. 0. 1.];[ 0.99960839  0.02652729 -0.00890897  0.10807978] [-0.02655684  0.99964213 -0.00321602 -0.58148142] [8.82046726e-03 3.45135651e-03 9.99955143e-01 4.26343132e+01] [0. 0. 0. 1.]
69;[ 0.9996381   0.02612953 -0.00639679  0.09358822] [-0.026152    0.99965201 -0.00345465 -0.57970889] [6.30429119e-03 3.62068870e-03 9.99973573e-01 4.19028841e+01] [0. 0. 0. 1.];[ 0.99958027  0.02699723 -0.01050859  0.09691985] [-2.70042019e-02  9.99635184e-01 -5.22253402e-04 -6.01486435e-01] [1.04906617e-02 8.05810413e-04 9.99944647e-01 4.33894843e+01] [0. 0. 0. 1.]
70;[ 0.99957638  0.02721265 -0.01032186  0.09903101] [-2.72195534e-02  9.99629339e-01 -5.29219466e-04 -6.01419979e-01] [1.03036319e-02 8.09951676e-04 9.99946588e-01 4.33985585e+01] [0. 0. 0. 1.];[ 0.99955506  0.02718927 -0.01226497  0.09312553] [-2.71860115e-02  9.99630298e-01  4.32587706e-04 -6.08053593e-01] [ 1.22721996e-02 -9.89595521e-05  9.99924689e-01  4.41311476e+01] [0. 0. 0. 1.]
71;[ 0.99955031  0.02762659 -0.0116601   0.08735027] [-2.76250149e-02  9.99618312e-01  2.96427319e-04 -6.08410924e-01] [1.16638397e-02 2.58164456e-05 9.99931975e-01 4.41533677e+01] [0. 0. 0. 1.];[ 0.99951825  0.02782901 -0.01374079  0.08207784] [-2.78219171e-02  9.99612645e-01  7.07386609e-04 -6.17948507e-01] [ 1.37551570e-02 -3.24750603e-04  9.99905341e-01  4.48697573e+01] [0. 0. 0. 1.]
72;[ 0.99955031  0.02762659 -0.0116601   0.08735027] [-2.76250149e-02  9.99618312e-01  2.96427319e-04 -6.08410924e-01] [1.16638397e-02 2.58164456e-05 9.99931975e-01 4.41533677e+01] [0. 0. 0. 1.];[ 0.99949886  0.02742479 -0.01580863  0.08692722] [-2.74142067e-02  9.99623767e-01  8.86080190e-04 -6.30986103e-01] [ 1.58269840e-02 -4.52255056e-04  9.99874643e-01  4.56387842e+01] [0. 0. 0. 1.]
73;[ 0.99951099  0.02761864 -0.01466237  0.07244659] [-2.76101708e-02  9.99618462e-01  7.79815510e-04 -6.29874283e-01] [ 1.46783086e-02 -3.74603762e-04  9.99892198e-01  4.56469609e+01] [0. 0. 0. 1.];[ 0.99946569  0.02780994 -0.01717392  0.06459487] [-0.02777581  0.99961171  0.0022226  -0.64200213] [ 1.72290625e-02 -1.74439221e-03  9.99850047e-01  4.63819459e+01] [0. 0. 0. 1.]
74;[ 0.99951099  0.02761864 -0.01466237  0.07244659] [-2.76101708e-02  9.99618462e-01  7.79815510e-04 -6.29874283e-01] [ 1.46783086e-02 -3.74603762e-04  9.99892198e-01  4.56469609e+01] [0. 0. 0. 1.];[ 0.99948742  0.02601369 -0.01865968  0.05723598] [-0.02594356  0.99965544  0.00399057 -0.64846956] [ 1.87570576e-02 -3.50442407e-03  9.99817929e-01  4.71143848e+01] [0. 0. 0. 1.]
75;[ 0.99949532  0.02449975 -0.02022024  0.03973457] [-0.02439165  0.99968693  0.00557561 -0.65621085] [ 2.03505147e-02 -5.07958647e-03  9.99780003e-01  4.78591037e+01] [0. 0. 0. 1.];[ 0.99949532  0.02449975 -0.02022024  0.03973457] [-0.02439165  0.99968693  0.00557561 -0.65621085] [ 2.03505147e-02 -5.07958647e-03  9.99780003e-01  4.78591037e+01] [0. 0. 0. 1.]
76;[ 0.99951413  0.02447005 -0.01930611  0.02788607] [-0.02436768  0.99968782  0.00552019 -0.65404432] [ 1.94351637e-02 -5.04706287e-03  9.99798380e-01  4.79082787e+01] [0. 0. 0. 1.];[ 0.99948125  0.02312682 -0.02241381  0.02534104] [-0.0229884   0.99971516  0.0064138  -0.6624514 ] [ 2.25557521e-02 -5.89521836e-03  9.99728205e-01  4.85927112e+01] [0. 0. 0. 1.]
77;[ 0.99950653  0.0226768  -0.02173618  0.02482142] [-0.02254943  0.9997272   0.00608725 -0.65868356] [ 2.18682883e-02 -5.59410859e-03  9.99745209e-01  4.86252204e+01] [0. 0. 0. 1.];[ 0.999471    0.02085624 -0.02495484  0.02025828] [-0.02072851  0.99977074  0.00536631 -0.66216845] [ 2.50610446e-02 -4.84619324e-03  9.99674176e-01  4.93968554e+01] [0. 0. 0. 1.]
78;[ 0.99950653  0.0226768  -0.02173618  0.02482142] [-0.02254943  0.9997272   0.00608725 -0.65868356] [ 2.18682883e-02 -5.59410859e-03  9.99745209e-01  4.86252204e+01] [0. 0. 0. 1.];[ 0.99937403  0.02220115 -0.02754364  0.01437021] [-0.02210312  0.99974825  0.00385836 -0.66817475] [ 2.76223661e-02 -3.24713959e-03  9.99613156e-01  5.01170640e+01] [0. 0. 0. 1.]
79;[ 0.99940169  0.0226079  -0.02617541 -0.00630238] [-0.02250366  0.99973764  0.00427021 -0.67449566] [ 2.62650843e-02 -3.67861679e-03  9.99648245e-01  5.01221554e+01] [0. 0. 0. 1.];[ 0.99931015  0.02263181 -0.02944514 -0.01087861] [-0.02253447  0.99973946  0.00363327 -0.6803152 ] [ 2.95196973e-02 -2.96723727e-03  9.99559795e-01  5.08712504e+01] [0. 0. 0. 1.]
80;[ 0.99932916  0.02195083 -0.02931535 -0.01120722] [-0.02185582  0.9997548   0.00355742 -0.67959863] [ 2.93862522e-02 -2.91431824e-03  9.99563882e-01  5.08999953e+01] [0. 0. 0. 1.];[ 0.999268    0.02334434 -0.03030697 -0.0378973 ] [-0.0232247   0.99972105  0.00429383 -0.68826557] [ 3.03987542e-02 -3.58681482e-03  9.99531415e-01  5.16198331e+01] [0. 0. 0. 1.]
81;[ 0.99926734  0.02345714 -0.03024153 -0.03405162] [-0.02333629  0.99971824  0.00434279 -0.68836013] [ 3.03348830e-02 -3.63388010e-03  9.99533186e-01  5.16568335e+01] [0. 0. 0. 1.];[ 0.99916034  0.02505576 -0.03241639 -0.05054584] [-0.02496707  0.99968335  0.0031381  -0.6925287 ] [ 3.24847542e-02 -2.32612054e-03  9.99469524e-01  5.24015476e+01] [0. 0. 0. 1.]
82;[ 0.99916867  0.02502524 -0.03218234 -0.04783046] [-0.02493224  0.99968374  0.00328819 -0.69510074] [ 3.22544539e-02 -2.48308193e-03  9.99476605e-01  5.24202070e+01] [0. 0. 0. 1.];[ 0.99915276  0.02339224 -0.03386106 -0.05895016] [-0.02328954  0.9997229   0.00342426 -0.70674002] [ 3.39317751e-02 -2.63274808e-03  9.99420684e-01  5.31661838e+01] [0. 0. 0. 1.]
83;[ 0.99918457  0.02337829 -0.03291898 -0.06790628] [-0.02327515  0.99972292  0.00351303 -0.70641584] [ 3.29919830e-02 -2.74396872e-03  9.99451850e-01  5.31800287e+01] [0. 0. 0. 1.];[ 0.99919656  0.02243875 -0.03320763 -0.08764885] [-0.0223172   0.99974283  0.00402634 -0.71760284] [ 3.32894368e-02 -3.28200028e-03  9.99440364e-01  5.39350323e+01] [0. 0. 0. 1.]
84;[ 0.99918457  0.02337829 -0.03291898 -0.06790628] [-0.02327515  0.99972292  0.00351303 -0.70641584] [ 3.29919830e-02 -2.74396872e-03  9.99451850e-01  5.31800287e+01] [0. 0. 0. 1.];[ 0.99921347  0.019945   -0.03427299 -0.0904957 ] [-0.01980967  0.99979459  0.00428359 -0.71387552] [ 3.43513882e-02 -3.60127982e-03  9.99403328e-01  5.46718393e+01] [0. 0. 0. 1.]
85;[ 0.99927815  0.01968214 -0.03249294 -0.11506775] [-0.01953417  0.99979735  0.00486527 -0.72137394] [ 3.25821136e-02 -4.22703075e-03  9.99460123e-01  5.47186126e+01] [0. 0. 0. 1.];[ 0.99922294  0.01631614 -0.03587884 -0.06960879] [-0.01623411  0.9998649   0.00257643 -0.68259628] [ 3.59160322e-02 -1.99196254e-03  9.99352826e-01  5.54193082e+01] [0. 0. 0. 1.]
86;[ 0.99932286  0.01619054 -0.03304074 -0.1247115 ] [-0.01609244  0.99986528  0.00323309 -0.69403444] [ 3.30886375e-02 -2.69919330e-03  9.99448776e-01  5.54710691e+01] [0. 0. 0. 1.];[ 0.99941512  0.01551216 -0.03047605 -0.18176143] [-0.01536924  0.99986979  0.00491835 -0.73743956] [ 3.05483778e-02 -4.44707747e-03  9.99523396e-01  5.62267524e+01] [0. 0. 0. 1.]
87;[ 0.99932286  0.01619054 -0.03304074 -0.1247115 ] [-0.01609244  0.99986528  0.00323309 -0.69403444] [ 3.30886375e-02 -2.69919330e-03  9.99448776e-01  5.54710691e+01] [0. 0. 0. 1.];[ 0.99949588  0.01179669 -0.02947583 -0.17166074] [-0.01168875  0.99992434  0.00383153 -0.71492326] [ 2.95187988e-02 -3.48505857e-03  9.99558150e-01  5.69747861e+01] [0. 0. 0. 1.]
88;[ 0.99950308  0.01248892 -0.02894161 -0.18400809] [-0.01235385  0.99991197  0.0048411  -0.72922722] [ 2.89995187e-02 -4.48115902e-03  9.99569381e-01  5.69863682e+01] [0. 0. 0. 1.];[ 0.99954212  0.01173827 -0.02788853 -0.18762667] [-0.01167981  0.99992924  0.00225828 -0.7032504 ] [ 2.79130624e-02 -1.93150832e-03  9.99608488e-01  5.77167491e+01] [0. 0. 0. 1.]
89;[ 0.99950308  0.01248892 -0.02894161 -0.18400809] [-0.01235385  0.99991197  0.0048411  -0.72922722] [ 2.89995187e-02 -4.48115902e-03  9.99569381e-01  5.69863682e+01] [0. 0. 0. 1.];[ 0.99960555  0.01107032 -0.02581083 -0.19475032] [-0.01100347  0.99993573  0.00273038 -0.75307404] [ 2.58393949e-02 -2.44528956e-03  9.99663116e-01  5.84592802e+01] [0. 0. 0. 1.]
90;[ 0.99961882  0.01073919 -0.02543397 -0.20289607] [-0.01067984  0.99993992  0.00246829 -0.75436301] [ 2.54589492e-02 -2.19571980e-03  9.99673457e-01  5.85134677e+01] [0. 0. 0. 1.];[ 0.99966312  0.01013989 -0.02389188 -0.20143132] [-1.01414694e-02  9.99948572e-01  5.49338102e-05 -7.55365298e-01] [2.38912087e-02 1.87383470e-04 9.99714547e-01 5.92079544e+01] [0. 0. 0. 1.]
91;[ 0.99961882  0.01073919 -0.02543397 -0.20289607] [-0.01067984  0.99993992  0.00246829 -0.75436301] [ 2.54589492e-02 -2.19571980e-03  9.99673457e-01  5.85134677e+01] [0. 0. 0. 1.];[ 0.99972611  0.01071291 -0.02080724 -0.23478072] [-0.0107772   0.99993748 -0.00298016 -0.77378382] [2.07740121e-02 3.20358448e-03 9.99779064e-01 6.00018508e+01] [0. 0. 0. 1.]
92;[ 0.99974546  0.011374   -0.0194845  -0.26633936] [-0.01144219  0.99992878 -0.00339163 -0.77047031] [1.94445337e-02 3.61371455e-03 9.99804406e-01 6.00348826e+01] [0. 0. 0. 1.];[ 0.99974822  0.01049509 -0.01983311 -0.22880257] [-0.01058328  0.99993455 -0.00434671 -0.78712006] [1.97861927e-02 4.55551710e-03 9.99793856e-01 6.07285906e+01] [0. 0. 0. 1.]
93;[ 0.99974546  0.011374   -0.0194845  -0.26633936] [-0.01144219  0.99992878 -0.00339163 -0.77047031] [1.94445337e-02 3.61371455e-03 9.99804406e-01 6.00348826e+01] [0. 0. 0. 1.];[ 0.99980627  0.01264018 -0.01508814 -0.29290998] [-0.01269228  0.9999138  -0.00336232 -0.79502052] [1.50443350e-02 3.55316946e-03 9.99880514e-01 6.15581942e+01] [0. 0. 0. 1.]
94;[ 0.99982186  0.01202524 -0.01454764 -0.2987719 ] [-0.0120741   0.99992174 -0.00327486 -0.78994963] [1.45071194e-02 3.44992161e-03 9.99888815e-01 6.15551664e+01] [0. 0. 0. 1.];[ 0.99983443  0.01349468 -0.01220683 -0.32555063] [-1.34949520e-02  9.99908937e-01  5.99390244e-05 -8.17451573e-01] [1.22065282e-02 1.04801497e-04 9.99925492e-01 6.23010228e+01] [0. 0. 0. 1.]
95;[ 0.99982186  0.01202524 -0.01454764 -0.2987719 ] [-0.0120741   0.99992174 -0.00327486 -0.78994963] [1.45071194e-02 3.44992161e-03 9.99888815e-01 6.15551664e+01] [0. 0. 0. 1.];[ 0.99987848  0.01308653 -0.00847213 -0.373572  ] [-1.30844986e-02  9.99914351e-01  2.95233839e-04 -8.24302469e-01] [ 8.47526883e-03 -1.84344376e-04  9.99964067e-01  6.30442273e+01] [0. 0. 0. 1.]
96;[ 0.99987105  0.01243905 -0.0101564  -0.33058562] [-1.24337075e-02  9.99922525e-01  5.88932884e-04 -8.30127716e-01] [ 1.01629366e-02 -4.62575264e-04  9.99948249e-01  6.30555014e+01] [0. 0. 0. 1.];[ 0.9998997   0.01212087 -0.00732564 -0.38610215] [-1.21265922e-02  9.99926198e-01 -7.37474270e-04 -8.30875309e-01] [7.31616432e-03 8.26235400e-04 9.99972895e-01 6.37951968e+01] [0. 0. 0. 1.]
97;[ 0.99989036  0.011716   -0.0090561  -0.35208888] [-1.17135652e-02  9.99931342e-01  3.21631131e-04 -8.46804439e-01] [ 9.05925040e-03 -2.15516601e-04  9.99958941e-01  6.38099061e+01] [0. 0. 0. 1.];[ 0.99991384  0.00968175 -0.00886481 -0.35491855] [-0.00969531  0.99995189 -0.00148849 -0.84301399] [8.84997005e-03 1.57430945e-03 9.99959599e-01 6.45544703e+01] [0. 0. 0. 1.]
98;[ 0.99989806  0.01109544 -0.0089866  -0.38377252] [-1.10969629e-02  9.99938420e-01 -1.19424583e-04 -8.67556879e-01] [8.98472251e-03 2.19136386e-04 9.99959613e-01 6.53043881e+01] [0. 0. 0. 1.];[ 0.99989806  0.01109544 -0.0089866  -0.38377252] [-1.10969629e-02  9.99938420e-01 -1.19424583e-04 -8.67556879e-01] [8.98472251e-03 2.19136386e-04 9.99959613e-01 6.53043881e+01] [0. 0. 0. 1.]
99;[ 0.99989369  0.01051021 -0.01010708 -0.35970828] [-1.05120466e-02  9.99944739e-01 -1.29079762e-04 -8.66625670e-01] [1.01051655e-02 2.35312141e-04 9.99948914e-01 6.52769029e+01] [0. 0. 0. 1.];[ 0.99989087  0.0106302  -0.01025931 -0.38400387] [-1.06309990e-02  9.99943489e-01 -2.28908589e-05 -8.79088571e-01] [1.02584852e-02 1.31955057e-04 9.99947372e-01 6.60586023e+01] [0. 0. 0. 1.]
100;[ 0.99989369  0.01051021 -0.01010708 -0.35970828] [-1.05120466e-02  9.99944739e-01 -1.29079762e-04 -8.66625670e-01] [1.01051655e-02 2.35312141e-04 9.99948914e-01 6.52769029e+01] [0. 0. 0. 1.];[ 0.99987101  0.01251683 -0.01006422 -0.40475379] [-1.25191785e-02  9.99921618e-01 -1.70103114e-04 -8.83834811e-01] [1.00613062e-02 2.96076992e-04 9.99949340e-01 6.67697708e+01] [0. 0. 0. 1.]
101;[ 0.99985488  0.01249226 -0.01158274 -0.38453617] [-1.24895339e-02  9.99921955e-01  3.08068097e-04 -8.86048119e-01] [ 1.15856806e-02 -1.63360416e-04  9.99932870e-01  6.67452807e+01] [0. 0. 0. 1.];[ 0.99983685  0.0131087  -0.01242723 -0.39156184] [-1.31075328e-02  9.99914077e-01  1.75460555e-04 -8.99010365e-01] [ 1.24284578e-02 -1.25416621e-05  9.99922764e-01  6.74884528e+01] [0. 0. 0. 1.]
102;[ 0.99981669  0.0133459  -0.01372868 -0.37065883] [-1.33438920e-02  9.99910938e-01  2.37753755e-04 -8.98318833e-01] [ 1.37306350e-02 -5.45160868e-05  9.99905729e-01  6.75103699e+01] [0. 0. 0. 1.];[ 0.99977335  0.01652874 -0.0134182  -0.40790632] [-1.65327611e-02  9.99863307e-01 -1.89007824e-04 -9.09178818e-01] [1.34132453e-02 4.10804939e-04 9.99909954e-01 6.82328874e+01] [0. 0. 0. 1.]
103;[ 0.99981669  0.0133459  -0.01372868 -0.37065883] [-1.33438920e-02  9.99910938e-01  2.37753755e-04 -8.98318833e-01] [ 1.37306350e-02 -5.45160868e-05  9.99905729e-01  6.75103699e+01] [0. 0. 0. 1.];[ 0.99969862  0.01851889 -0.01611579 -0.39398473] [-0.01853781  0.99982763 -0.00102509 -0.91302281] [1.60940284e-02 1.32353260e-03 9.99869607e-01 6.90062611e+01] [0. 0. 0. 1.]
104;[ 0.99971555  0.01823748 -0.01536934 -0.40147612] [-1.82450374e-02  9.99833484e-01 -3.51482110e-04 -9.20964235e-01] [1.53603696e-02 6.31796294e-04 9.99881823e-01 6.89932248e+01] [0. 0. 0. 1.];[ 0.9996445   0.01945612 -0.01823001 -0.39317927] [-1.94723294e-02  9.99810143e-01 -7.11819381e-04 -9.26791988e-01] [1.82126988e-02 1.06654707e-03 9.99833566e-01 6.97524062e+01] [0. 0. 0. 1.]
105;[ 0.99966441  0.02029751 -0.01609619 -0.41148895] [-2.03130558e-02  9.99793346e-01 -8.02745424e-04 -9.26955946e-01] [1.60765660e-02 1.12943875e-03 9.99870126e-01 6.97668878e+01] [0. 0. 0. 1.];[ 0.99958283  0.02204912 -0.01865473 -0.41527413] [-2.20464478e-02  9.99756887e-01  3.49175130e-04 -9.40808690e-01] [1.86578914e-02 6.22410143e-05 9.99825924e-01 7.04937688e+01] [0. 0. 0. 1.]
106;[ 0.99960312  0.02201917 -0.01757125 -0.41640808] [-2.20203064e-02  9.99757515e-01  1.28941477e-04 -9.37988856e-01] [1.75698251e-02 2.58033932e-04 9.99845605e-01 7.05097039e+01] [0. 0. 0. 1.];[ 0.99950637  0.02526982 -0.0186668  -0.43205629] [-0.02524684  0.99968017  0.00146591 -0.95601865] [ 1.86978731e-02 -9.93907091e-04  9.99824685e-01  7.12527389e+01] [0. 0. 0. 1.]
107;[ 0.99953049  0.0249683  -0.01775918 -0.43278157] [-0.02494989  0.99968791  0.00125748 -0.95359633] [ 1.77850329e-02 -8.13801978e-04  9.99841503e-01  7.12438440e+01] [0. 0. 0. 1.];[ 0.99944935  0.02593818 -0.02069342 -0.43030748] [-0.02591768  0.99966329  0.001258   -0.96960082] [ 2.07190843e-02 -7.20983166e-04  9.99785077e-01  7.19882409e+01] [0. 0. 0. 1.]
108;[ 0.99945545  0.02636809 -0.0198376  -0.42987565] [-0.02635284  0.99965217  0.00102951 -0.96937917] [ 1.98578470e-02 -5.06167311e-04  9.99802685e-01  7.19876083e+01] [0. 0. 0. 1.];[ 0.99935585  0.02949468 -0.02044399 -0.44769162] [-2.95013535e-02  9.99564740e-01 -2.47557537e-05 -9.75138659e-01] [2.04343584e-02 6.27865097e-04 9.99791000e-01 7.27157875e+01] [0. 0. 0. 1.]
109;[ 0.99945545  0.02636809 -0.0198376  -0.42987565] [-0.02635284  0.99965217  0.00102951 -0.96937917] [ 1.98578470e-02 -5.06167311e-04  9.99802685e-01  7.19876083e+01] [0. 0. 0. 1.];[ 0.9993078   0.03112415 -0.02037689 -0.46475787] [-0.03115739  0.99951362 -0.00131594 -0.98764207] [2.03260190e-02 1.94992232e-03 9.99791504e-01 7.34503195e+01] [0. 0. 0. 1.]
110;[ 0.99932048  0.03087609 -0.02013073 -0.45024369] [-0.0309077   0.99952145 -0.00126065 -0.99094271] [2.00821772e-02 1.88198663e-03 9.99796561e-01 7.34421683e+01] [0. 0. 0. 1.];[ 0.99923936  0.03236194 -0.02175789 -0.45844247] [-3.23903959e-02  9.99474836e-01 -9.56426956e-04 -1.02373686e+00] [2.17155152e-02 1.66044625e-03 9.99762812e-01 7.41933939e+01] [0. 0. 0. 1.]
111;[ 0.99925463  0.03226095 -0.02119965 -0.45508249] [-0.03230304  0.99947676 -0.00164615 -1.00962414] [2.11354472e-02 2.32974104e-03 9.99773907e-01 7.41854341e+01] [0. 0. 0. 1.];[ 0.99923087  0.03226576 -0.02228438 -0.45321085] [-3.22831705e-02  9.99478673e-01 -4.22051288e-04 -1.03090804e+00] [2.22591469e-02 1.14113718e-03 9.99751583e-01 7.48971573e+01] [0. 0. 0. 1.]
112;[ 0.99926921  0.03238282 -0.02030752 -0.47361029] [-0.0324168   0.99947353 -0.0013461  -1.01794266] [2.02532373e-02 2.00342544e-03 9.99792875e-01 7.48903785e+01] [0. 0. 0. 1.];[ 0.99920028  0.03222089 -0.02367739 -0.44788076] [-0.03220053  0.99948066  0.00124052 -1.04042429] [ 2.37050630e-02 -4.77099645e-04  9.99718882e-01  7.56155444e+01] [0. 0. 0. 1.]
113;[ 0.99922769  0.03302697 -0.02128934 -0.47427745] [-3.30213383e-02  9.99454457e-01  6.16118760e-04 -1.02994824e+00] [2.12980717e-02 8.73594858e-05 9.99773167e-01 7.56148737e+01] [0. 0. 0. 1.];[ 0.99916772  0.03450268 -0.02175849 -0.47973125] [-0.0344666   0.99940379  0.00203125 -1.04878892] [ 2.18156033e-02 -1.27962053e-03  9.99761192e-01  7.63399909e+01] [0. 0. 0. 1.]
114;[ 0.99920271  0.03421157 -0.02057944 -0.49513932] [-0.0341816   0.99941401  0.0018063  -1.04440749] [ 2.06291815e-02 -1.10142481e-03  9.99786589e-01  7.63349234e+01] [0. 0. 0. 1.];[ 0.99909914  0.03591983 -0.02259797 -0.4788769 ] [-0.03590285  0.99935462  0.00115695 -1.05910459] [ 2.26249385e-02 -3.44579319e-04  9.99743964e-01  7.70549218e+01] [0. 0. 0. 1.]
115;[ 0.999141    0.03567591 -0.02108289 -0.49702862] [-0.03565128  0.9993631   0.00154284 -1.06425857] [ 2.11245035e-02 -7.89884180e-04  9.99776541e-01  7.70517628e+01] [0. 0. 0. 1.];[ 0.9990298   0.03729052 -0.02342794 -0.48071189] [-3.72881897e-02  9.99304410e-01  5.36517796e-04 -1.07328081e+00] [2.34316526e-02 3.37588272e-04 9.99725384e-01 7.77584398e+01] [0. 0. 0. 1.]
116;[ 0.99907733  0.03705018 -0.02172044 -0.49939381] [-3.70376724e-02  9.99313392e-01  9.77845044e-04 -1.07513891e+00] [ 2.17417609e-02 -1.72468089e-04  9.99763605e-01  7.77628097e+01] [0. 0. 0. 1.];[ 0.99903726  0.03785803 -0.02216561 -0.49386638] [-0.0378391   0.99928303  0.00127303 -1.0894048 ] [ 2.21979092e-02 -4.33081239e-04  9.99753502e-01  7.84703186e+01] [0. 0. 0. 1.]
117;[ 0.99907243  0.03765672 -0.02088665 -0.51508284] [-3.76430031e-02  9.99290700e-01  1.04949786e-03 -1.08535014e+00] [ 2.09113589e-02 -2.62288027e-04  9.99781299e-01  7.84863081e+01] [0. 0. 0. 1.];[ 0.99902844  0.03816543 -0.02203583 -0.50502613] [-0.03810695  0.99926896  0.00306815 -1.0982175 ] [ 2.21368186e-02 -2.22545416e-03  9.99752474e-01  7.91938040e+01] [0. 0. 0. 1.]
